ndom:wymiar:1 ndom:wymiar:2 ndom:wymiar:3 ndom:wymiar:4 ndom:wymiar:5 
0.7167987200873366 0.6886400839343206 0.9944904971511479 0.26137749281815936 0.14746867554189969 
0.3980253141834007 0.5774025928599188 0.9294082631786781 0.6790726717741413 0.9190606570044256 
0.7548607325293802 0.8112934793592824 0.8913957090346127 0.8570778468789239 0.03444706625977445 
0.4839351671471823 0.2623156470096818 0.9998847943584426 0.4946674649840729 0.6750184265417868 
0.1471402182812045 0.45169554944293977 0.9643883359082177 0.4432901678093347 0.803314998371366 
0.7386122860193675 0.6529267667221536 0.9968852882814925 0.9847940578448006 0.21042812057477134 
0.9277762078596138 0.9493157594525009 0.9293271025678955 0.514317347818101 0.9083549247719694 
0.9333870052336909 0.1599488640031842 0.7831304671505559 0.12938048972493366 0.9266417302325393 
0.3322938448012842 0.91837804483381 0.893290799130983 0.688861528376961 0.40952531421212446 
0.27921128716139887 0.8000281570165787 0.6270437225792117 0.9301894282370221 0.32961682534740433 
0.9019460268946607 0.9368499310137529 0.06670706033173668 0.8849413579318902 0.3902737225987166 
0.7360673854399925 0.3559944345080901 0.5696339651796017 0.7735032192663321 0.9196439773239046 
0.9955202098006523 0.4217275687534948 0.11134731499807804 0.29866509112754447 0.2505686759796828 
0.7886904259473149 0.9230727173278374 0.9907033724375938 0.05998141409264823 0.7743389607365789 
0.7461015459339175 0.9149503463331812 0.7078873461314183 0.7621099703677761 0.25487412403964305 
0.8570885434435734 0.5498429411263619 0.7520767597597299 0.7952951015078725 0.6620221026727883 
0.49126279814238494 0.9732350546140512 0.7484496940371221 0.8857187674236248 0.8155126855696949 
0.4188882365764164 0.027217284072579173 0.16768026162627425 0.998168580330604 0.7581482141073577 
0.7959249386129664 0.15020823280314355 0.9744505913610311 0.4004892346470106 0.32221483324585487 
0.8068204383110738 0.5112171332337269 0.7961718717080439 0.8658125513466379 0.24989782693617524 
0.2357865642700675 0.9886960606271732 0.7909616842234385 0.9187745142575451 0.6459776490318665 
0.056150991843843756 0.9076256650198882 0.13051825949934814 0.8899243080822781 0.8902868038128265 
0.9128142617955903 0.8630704190434578 0.9783398716611793 0.6147828896074368 0.0872168977665968 
0.2380736697846949 0.9466373169382958 0.9978967903157999 0.13611130756395218 0.9612496782002986 
0.7273720785125144 0.9995729296026288 0.6752210924710518 0.9216651452950989 0.761927778109527 
0.5365773406035372 0.9569209186401069 0.5638065362535039 0.9897915355325015 0.4278254232086135 
0.215967093237734 0.1389746625052003 0.1565656082779795 0.9917398542070595 0.6165473594598774 
0.7695989956732213 0.4722738564603185 0.03453845518485743 0.32642360284808614 0.9924667481017158 
0.8611258443091533 0.4696465305897426 0.8144533342015485 0.8903867331640843 0.6864703778032215 
0.37199580088710316 0.9710759378280034 0.5127275678716059 0.20795511626634133 0.9023242490798253 
0.9134967237916529 0.24985698397565093 0.8546542204383105 0.7057136438733072 0.6878298436809329 
0.7987358662292522 0.5231750150225505 0.6893975696660722 0.9566523980682722 0.6573015234831255 
0.6517420655875942 0.9015641091483529 0.9916686306046902 0.6753979355335035 0.375589282297473 
0.7552820259423959 0.06956844686469188 0.9914478067575211 0.30776524426787566 0.5233732653541782 
0.6646115076751332 0.3432781035876121 0.7368564347093823 0.949532289174383 0.9118512262433724 
0.24955858670329945 0.6293211421761412 0.8596334383946728 0.4204444180485323 0.9996097698447318 
0.7935231021607271 0.846711831250949 0.5810516489552124 0.798428237706798 0.8750869637054658 
0.9886952114809215 0.8473439296539166 0.46539294214336646 0.10221870056990845 0.31405477751186195 
0.9929080499709051 0.7043565020398194 0.29841404539630834 0.4413392340111194 0.16438587492183165 
0.4599517651839523 0.8641950123250002 0.2225982382771643 0.929508967508142 0.8041240395323126 
0.9221778415353017 0.4079116115983302 0.8384261980797684 0.7087442676368324 0.7692046868185629 
0.7866413886501393 0.6432534931606567 0.9027506936797847 0.946785615351435 0.6700828265155893 
0.11377263813736582 0.8602285623449744 0.4179398254071577 0.9523242474769565 0.7303576027516843 
0.9386213700344583 0.7573398284144178 0.16726796224208207 0.9142453368444 0.08920249179893747 
0.4644875745468293 0.15278272793505487 0.838101453163688 0.9073714387458264 0.8936095919971446 
0.8125640792935194 0.8189847183534754 0.7566082351415726 0.8775478432354481 0.3186037945937321 
0.20160696644096687 0.9168642822474936 0.9010725703954467 0.9014153752157618 0.11332444376558182 
0.44452656591359374 0.9558730558519625 0.6590929270216905 0.16738450661025372 0.829810608104495 
0.27283609862657 0.5424624944354345 0.6829004392753713 0.9811761015804937 0.7216064300997125 
0.7532446204515519 0.3591733772991822 0.9292194449917734 0.8669485002593784 0.29829687565040164 
0.7773391944622199 0.5512113851747001 0.7314099733387418 0.6307385468066959 0.8417336186738867 
0.010990587163767773 0.7329965942769646 0.9651221703160437 0.8309221596322464 0.9596641524809444 
0.39966437909266384 0.27055572662998906 0.9946209059037022 0.5685009859409018 0.7593523541500491 
0.6358340685206362 0.683853207240594 0.1359910286136503 0.9827377951554832 0.38459108025430855 
0.4264611340484409 0.5594841054324055 0.9938895333450456 0.2652465039845272 0.9316450440791946 
0.96163691125876 0.7290044984752173 0.789494822769856 0.29066309670999113 0.6332579940987724 
0.9986304893694262 0.8235022670375761 0.18386488060923012 0.789700020663324 0.20156311104217772 
0.787571606809783 0.9938111021442431 0.6840899242954411 0.10187520853032195 0.389674263471808 
0.753540938962247 0.09918239153450048 0.5774556307310912 0.5159250613831223 0.9510755089527225 
0.5958831306253964 0.022022532350364887 0.9307547962483345 0.4733930127015904 0.916757454353757 
0.8489819567939624 0.568880589444172 0.23737439460387444 0.9822898383054404 0.5425014229546179 
0.9778412063407081 0.7166000803653078 0.8642574499715712 0.11706857678918925 0.6314422883919236 
0.6974029638312815 0.8416467225645649 0.6904480067901825 0.9233842774777731 0.7552211096338485 
0.7948961895062817 0.6178745899976509 0.6728830985085327 0.9679322371165093 0.8902229420771149 
0.0064080527935851395 0.9517338166515484 0.23702256023934198 0.9834635091686682 0.522177008918354 
0.9981762146988958 0.32061684682949476 0.7145354282357079 0.9833802560042431 0.9232023820825317 
0.8153260296622014 0.3224445294377768 0.9533197705077522 0.959824710840043 0.3083598548913967 
0.7524501360589558 0.5606456272258484 0.5789509139922823 0.7135892478360538 0.975836793219391 
0.9045511900696526 0.9698419749465912 0.8052381998405999 0.21994817551405954 0.25469796133661204 
0.7596315944448931 0.4147254685811588 0.9361203318997569 0.16604241386192498 0.6345329898455953 
0.9639150702783389 0.9393586414239533 0.024260118701448175 0.1945870739281419 0.6019109967912296 
0.9299528146310387 0.10725145690788018 0.3713212346704551 0.8697002050567356 0.9856084201127944 
0.5347275386809653 0.62596103376582 0.39392874880918416 0.9922528906118648 0.4546223814054099 
0.4674994484162318 0.4690903357578994 0.9314145470812246 0.9855991967453679 0.21636629567724575 
0.6581812624307449 0.8046829727585038 0.9494467389174619 0.8127197669541256 0.763241460634129 
0.8241985108201493 0.570309050583832 0.10456197534210909 0.8548144697363805 0.9897535291803132 
0.9331837558883465 0.5761159634395345 0.8461975211580869 0.910289823650924 0.16353470352368793 
0.9908180964469547 0.47629249329009626 0.2575769233024223 0.2717423821618088 0.2893698066315059 
0.7952862309439411 0.8053672889490268 0.46925636794523673 0.9315268325625332 0.9836093138729759 
0.5107441527378959 0.554000699581686 0.5042573754379169 0.8681188075339984 0.9443625157064377 
0.8839665037658193 0.9689881629058443 0.6897428823080944 0.9983703025200054 0.22137556337190345 
0.8155602412337897 0.9861865007147284 0.3854231011954887 0.072259128646608 0.902068120099823 
0.9113343280538667 0.5294592930018955 0.9131073219240204 0.7735486295160059 0.6783908714127413 
0.8224714915821327 0.9808069500860178 0.1324631294395081 0.5904153419247522 0.8484314100431145 
0.955204711864904 0.7430793905379964 0.8254152448889736 0.6229550824769451 0.33653299019829264 
0.9710432745100626 0.7769005399268122 0.2999116136875679 0.3852971170681422 0.846924923397037 
0.9808446415748667 0.8297668180250892 0.7427311945876138 0.8846270813702203 0.7226004516445416 
0.4267516312896298 0.7444243824929422 0.9509822500167106 0.8284991199022064 0.23359345085190275 
0.14732023796394766 0.020640812494773564 0.9737394809972846 0.885378390235653 0.9924754954045595 
0.9608846539261487 0.7128891315608602 0.9406901912602287 0.7804542051476394 0.561360973995301 
0.98680306213186 0.43381329500594745 0.2487920560679221 0.5220013726147992 0.4880121632799067 
0.9244413183877014 0.754718757890184 0.2519897208493269 0.7388539345642521 0.9324584204459743 
0.7453190662369752 0.3711276619546251 0.8855447109800738 0.9312584619951384 0.8828319798670953 
0.5390190499863338 0.8853157125990407 0.07069062651307934 0.9652189555345281 0.25188824478301075 
0.1371508222240413 0.6156754605099987 0.9948155290002854 0.9932410471853594 0.7754211571903298 
0.7282425555316828 0.7331212160406869 0.94009187770915 0.4878434135928912 0.669476491310218 
0.21702420245139709 0.8284274069066825 0.8700477156532985 0.8077553168185654 0.01608980301017582 
0.9238743623387939 0.9831234021492691 0.5646427343072175 0.46514983455198233 0.7726011668740882 
0.9369190308555162 0.07208190319974994 0.8830690039442741 0.8717902954420506 0.6474379769237587 
0.9929277606687309 0.4122775073411896 0.4999133989712795 0.5217598915826774 0.005357803506454983 
0.7329365879375813 0.35191193701093504 0.5993014124262308 0.30813584913185 0.9831234887567929 
0.8667381302491591 0.7888977613144449 0.7953248034726493 0.9557878321660286 0.3687233158834975 
0.9019913044017605 0.5866024172827353 0.7924563127406993 0.9260286234318522 0.3903326029797609 
0.23110409575911028 0.749783773137638 0.670022289703773 0.9535674220891583 0.8863284258009867 
0.08435313933909472 0.9934987797191063 0.9356649223477742 0.9767824503447264 0.8644391161714907 
0.7634743249870388 0.9257693702428161 0.3080355810871177 0.7637401744994721 0.9355412614884978 
0.15089563207578094 0.16835908473720063 0.2668441652994329 0.9905120697893854 0.6184921986040792 
0.7426338080100018 0.5491153216474998 0.9673263177216845 0.9387828010962933 0.6197864160994255 
0.9715530201768054 0.6456345993417568 0.9580996101128962 0.5937219541185517 0.5060464188706516 
0.911686513753464 0.3236474325508477 0.2080755612387981 0.9728926013063404 0.6114189119045551 
0.8674847151621612 0.8571945590359775 0.9859340211233292 0.23020482737721903 0.06581462254206127 
0.1580886392571763 0.4601503938948287 0.9991074397001688 0.4528885483376336 0.1511526239507992 
0.22176326600625607 0.9955977468919336 0.8780280658783663 0.3078184208162461 0.23967240992722572 
0.927052060320683 0.8137183776237755 0.4726640393204392 0.8602443094706478 0.7483057461405149 
0.6462968237422809 0.621236359201152 0.933400099167805 0.5464733600947157 0.8248267654682944 
0.908763081896919 0.9485521169785124 0.05074622071685264 0.561645148047968 0.6254131205903418 
0.2397304750830972 0.7091186362585985 0.6484342320337603 0.9976010897020009 0.3588565326467519 
0.7055984035404247 0.11653343648928172 0.6041282295007389 0.6123888625658677 0.9293529495940173 
0.7787140308945523 0.8381125264736895 0.8186461412391286 0.003906652435629043 0.9905493048612509 
0.8536099753107833 0.21494304232173056 0.8486891248489674 0.8511046045331925 0.7463647832547736 
0.5210407175587493 0.3438364929992932 0.8762254960596068 0.8684334571085999 0.889231840225401 
0.3961975765739275 0.9842398221742971 0.87784863817566 0.6413672162518239 0.8555116412873581 
0.9704629554009473 0.3247302631337211 0.9084281907895287 0.9937057127872633 0.5659297603379649 
0.377069978861192 0.9965615644349011 0.7306626672005504 0.027170124003377927 0.583316715163287 
0.31476671928442 0.03353843910814758 0.11649117899904293 0.9987953585538496 0.8500545696607649 
0.9254352038169483 0.8263276914402993 0.6928089485676268 0.8987323437074337 0.25171814623503486 
0.2352839103048916 0.9809590956321917 0.368028243644246 0.37372198473834106 0.9752607519348926 
0.1029375687287839 0.6720164627581796 0.592649411249478 0.9851272433269267 0.5778689176588723 
0.7242850775934865 0.6989124433420828 0.4913034559281463 0.9669491310779744 0.29411637004772595 
0.8646158145276551 0.7281256473778597 0.08147475815521299 0.9628590871795116 0.9326195707876909 
0.7139900083683809 0.07704723980306372 0.978836147242656 0.48209075526478895 0.2266978927275345 
0.5259105219460729 0.7484725289163932 0.816526594946777 0.9139377184546182 0.8665395227899155 
0.01106672540476028 0.9193815813712233 0.6763946772351849 0.997904419917777 0.2897139442174076 
0.7665573254587041 0.023623451041234422 0.1729136814824317 0.5687344505464903 0.9860146692536298 
0.6547579598859027 0.5190186907952825 0.9357955819829847 0.9845061827516528 0.8597554511770064 
0.329159980518978 0.19558302900476887 0.3922458973502816 0.9901225111046883 0.9713604359455559 
0.4703616586503395 0.5689711225188974 0.9337142967414983 0.12165639433867603 0.9573236578822648 
0.8900675901196593 0.9974608484783893 0.35075248985706486 0.49626650085171653 0.9232324708634964 
0.898388585948849 0.4334871103162212 0.7963979750058662 0.34809383781904113 0.9801912192261762 
0.8587560148767701 0.034107677168042194 0.799299707737276 0.8038913866361511 0.9224810372249214 
0.8653831388060345 0.9034388005658326 0.5422884863485471 0.7600818228917251 0.9751491422821095 
0.7128702495203963 0.9757884786238955 0.9463144373749224 0.1924035700566119 0.3364063250785606 
0.8125783588746672 0.3937286277012574 0.21930538157548363 0.7900869007848201 0.9166843477698952 
0.9743880124489908 0.9958409064632632 0.01965872898211929 0.9722312302603394 0.08839910214177116 
0.969411227961637 0.9687899244547837 0.626071029868384 0.3242692687622901 0.31249160001975573 
0.8884096562303203 0.607311464409412 0.7835309705519301 0.5752201035139493 0.8404079309109699 
0.7292375315504539 0.022127322921875026 0.7500092095377913 0.8207984312785985 0.992017234182096 
0.45098168630848223 0.01406540322333727 0.9618924423861023 0.07001722798380539 0.9858628353559687 
0.32710042185426835 0.10522847761972953 0.794461584463789 0.9388024363443974 0.90197600222222 
0.9824460830950166 0.5844087726787937 0.48891134746779497 0.36613015791534287 0.3769876810220407 
0.6974807383095873 0.9190342333263237 0.8424741109710607 0.8669944296747475 0.9994216623247162 
0.21488902363130824 0.7472175416630752 0.9554969617900947 0.2825969958446042 0.8579226824832932 
0.968506724233954 0.9326257528893926 0.5108331497306997 0.6234790755427911 0.17872465232776213 
0.7463411176581921 0.8552425440917499 0.28323189310675223 0.895317784926208 0.578629536573669 
0.5311669961115066 0.9543068529942765 0.879756191616161 0.6171399690434359 0.587497539409958 
0.8672971450878002 0.29624176640279987 0.06933454318502952 0.5762206771033375 0.9570070840979873 
0.857084568407298 0.9016904470326037 0.9893492030379273 0.3006488955479044 0.49793511597224316 
0.8115115687177197 0.7692108265919236 0.9098034410428292 0.7704333603954457 0.6416710255793764 
0.9994020212926636 0.4903369176843835 0.2565260548024785 0.04525600610138092 0.6750534081390688 
0.7075735131586698 0.419182852334547 0.9951147688590088 0.6976624035446721 0.7008262481390317 
0.7986309915774389 0.23930293589828755 0.9558592152407915 0.4382790867613655 0.5604813606359845 
0.4314051891013152 0.07062843271190977 0.9635206728507215 0.26269666868542907 0.7832884564449044 
0.9200675625728442 0.926415066049478 0.21171620817694614 0.07970190155938361 0.9634765046089291 
0.8812399206142807 0.3757410214298158 0.9135152703743655 0.812938661983674 0.6689653503390024 
0.7811509012693552 0.7691293844519422 0.9146850135007217 0.6777865963587323 0.7129596419868021 
0.4706020550874477 0.9878283801960547 0.9894528094790501 0.7794695945115014 0.25012674608444063 
0.7138874335522204 0.9962121678082411 0.9171545465702282 0.2509672009157127 0.11729478893147738 
0.9973294965288646 0.2305145025024653 0.8254588885133909 0.9154966856030733 0.08839414480008834 
0.2683215459499886 0.8169994031691592 0.6370575907350958 0.9582552576427376 0.9889744668979893 
0.645065692839665 0.9306987235296231 0.7196284537098924 0.927320211624749 0.547382101249551 
dom:wymiar:1 dom:wymiar:2 dom:wymiar:3 dom:wymiar:4 dom:wymiar:5 
0.5459856372602119 0.5746065101696515 0.34218028598520955 0.7758822760930494 0.40138429664182396 
0.09294896645127682 0.3748625366472629 0.5686501907287821 0.49632682020602226 0.8479195209102859 
0.8679359588102583 0.7866365952001478 0.5606967039210284 0.8051724581511379 0.04745826777869211 
0.9592335732294843 0.35906327937538973 0.7604481130362966 0.45686464185787534 0.4967851239783245 
0.12974116888762188 0.4030019090504491 0.1276228767911921 0.9479186881091141 0.9860250796342671 
0.22822073222655692 0.46888187216003474 0.33622445125281675 0.1284980178486652 0.7398012654920285 
0.6409205598518292 0.33338087228923396 0.25944968089121767 0.7539697501383513 0.31400163716502694 
0.5889329043274364 0.3281169341764648 0.3457073560075191 0.5195707231785135 0.7203855292038555 
0.2275407703166492 0.5083353627862022 0.7265332847122761 0.28128322660397564 0.41113741397443027 
0.44115981998323284 0.226388585871785 0.3882211965892368 0.15505901878598405 0.2151586327553462 
0.18224190551971198 0.9132619336086919 0.499663383770534 0.02828032942298897 0.979807063154768 
0.2946252273772033 0.4532455627881944 0.5192046105419824 0.9048009107259879 0.08562295174314061 
0.7324263453110139 0.033676700437162754 0.695949419546833 0.3355033902216016 0.7416781200660051 
0.025321292243748905 0.13171615911520707 0.6070546880957315 0.015452376103047727 0.9300342728773192 
0.2882139367874542 0.8534293506582745 0.4850629323934351 0.8244927732945269 0.11381776310309644 
0.11440905525905964 0.6299668197722702 0.4909647146598475 0.25324510384172605 0.34560194127083543 
0.18500152833240435 0.6094876344799787 0.1384566806712484 0.6507494978058891 0.027817376516239056 
0.8852494147574245 0.15336365276555664 0.0024750678599361198 0.37823376187367286 0.27099946705626077 
0.72636945471856 0.1132357479424897 0.008578499964139286 0.43391427916573044 0.5476651639484797 
0.15580580858414217 0.3573622275661533 0.0021701481414514445 0.014756819255166365 0.2273998888231583 
0.6128059915119646 0.05184736644720889 0.6074957563474094 0.10566430572519914 0.9993528175156771 
0.18285665473248292 0.22685466726848247 0.9177708139264881 0.13228320789341097 0.6557942092274827 
0.17321880598423312 0.24602745569256412 0.7425692263687964 0.2538890136117974 0.43316573285182924 
0.1378480778179303 0.05706725228366527 0.9955172674411675 0.27397759422263024 0.024294744635306453 
0.26155985323655984 0.6311290859236517 0.7870605473397865 0.07428505904171279 0.2251380025742823 
0.3261825253338444 0.17666314928419558 0.0034315375429693207 0.17346136049172645 0.755000756890121 
0.6432448221529165 0.9328528560723759 0.8293606347865277 0.21554921488287826 0.4430256504102168 
0.8520847797911358 0.5959215962361063 0.8240495330563633 0.14323698844556143 0.38809734816065455 
0.26886635616948906 0.6833168050771532 0.3003939593631477 0.8040171480657629 0.7142334471599868 
0.4601399293381969 0.7002803509874649 0.2936390791363166 0.4676615279980827 0.0015231948756150304 
0.9275860325158969 0.12291120927133736 0.34961364091182956 0.38289154282324467 0.10050610280551575 
0.09152213274117205 0.4213694433371916 0.6245921119272415 0.053724915970931764 0.5108402893490804 
0.28818308970588236 0.3339781509777833 0.4242709992814595 0.8856368659291882 0.7766821141861374 
0.7134859152168047 0.4343702694331506 0.7080981245663559 0.6946941690648603 0.4247877069334002 
0.7280847481768363 0.37915685330098425 0.3136286860376427 0.35893719519073986 0.054727889806139296 
0.13869237781132704 0.34359902340302917 0.9689777603425899 0.9251958455852347 0.011060684939756982 
0.8143486434650528 0.21528302697244428 0.7387440624606536 0.3770966329295429 0.25878827371899493 
0.9711245824264068 0.07774609608282668 0.28725264131845973 0.8428630979852335 0.26769192920948437 
0.7813140991465924 0.7771335387580592 0.18496028060275305 0.5908096100033613 0.928337722435754 
0.7256535193145642 0.39284739593380713 0.4035243493315279 0.1910042564261153 0.07036822175514745 
0.4728265091507019 0.4004424499098038 0.2665254240593471 0.0977981688374775 0.7072436901417429 
0.7862069709665939 0.1640007828835225 0.5025531949481074 0.247702359720545 0.7632421011627781 
0.6725161662974246 0.01651329814787017 0.6884992412127906 0.6735547457433452 0.04278352802459551 
0.5212244975997423 0.9740338004187913 0.4175498610203766 0.7503205468174606 0.4431063334201081 
0.9204174880676167 0.9136467180170456 0.516187013114054 0.4336965306331966 0.023293770698671556 
0.0368929676528843 0.23479314132834872 0.304346153899806 0.5932044830798862 0.061657973959557966 
0.1917056072698906 0.9524969854938942 0.5458947100987561 0.4887589872893925 0.37942094249381353 
0.41701275606875976 0.2365524802499971 0.15165610652068362 0.7595543348581416 0.7536261682449898 
0.8692273567662526 0.20950242756781545 0.41961265137210424 0.2726352811377514 0.15533655604049312 
0.4522897495418412 0.6696259343739934 0.4473231889768603 0.8476810305994544 0.876430360304815 
0.23338880380982763 0.840745602452696 0.5501512441713339 0.8632121900640071 0.8693327291117405 
0.463094746287142 0.010062338590768438 0.8952557681376578 0.9729672840691 0.6824926143916585 
0.7570494184312041 0.6909029174103875 0.6119130735266307 0.6863466801759146 0.14517514784860164 
0.08242053618659739 0.988311414946297 0.2881339166277228 0.003758989647394184 0.8042093857504109 
0.3625873404246459 0.42357099934872644 0.9710801817861557 0.11495718377849118 0.1861813074026064 
0.32907501018475327 0.774266928940366 0.11154485391072888 0.009273219916702269 0.24399272108695835 
0.8919434194168443 0.7010179254372084 0.8680310049264032 0.17976592391408353 0.734856061932086 
0.8698280242688314 0.18362406551585309 0.002757646529264024 0.49818867443970904 0.040632101842438706 
0.30724669376567726 0.175258030376384 0.5864472518850489 0.34414640764702864 0.8480404477037502 
0.6557650615138377 0.7764289471219165 0.42803192950690294 0.05989988319399808 0.4604740120240767 
0.5894926840445729 0.21267178850438062 0.3398014231105735 0.8735787789525833 0.9294436709442794 
0.10563060498561883 0.08252610652467463 0.8604993898862638 0.17188351957744752 0.802910918824433 
0.14474467767376442 0.6871700479850471 0.7163520951431721 0.4929660284931704 0.694071362413085 
0.3172534771032085 0.09183383257528233 0.7587693518075463 0.5389793774443435 0.5452583727662245 
0.5199128828320801 0.10690405789536872 0.35976692436420565 0.232177280572602 0.9148569557653182 
0.2720691799913346 0.6998903341641547 0.46331576323312573 0.48836237586998976 0.20620175085239945 
0.026325472099124614 0.4845690204936153 0.9114901347902036 0.03577528530882357 0.16692242619453845 
0.35411378845557073 0.6784579092938378 0.7761571630187775 0.6490311015633407 0.39146976213448603 
0.6856159595471439 0.33735208539519856 0.6313388258018096 0.9536920393468415 0.32352987232938923 
0.287072625930592 0.4647934341522062 0.7114731696647154 0.7736178970335195 0.37274058224209194 
0.4870592570192448 0.7378420638563965 0.6779194951573767 0.5473283553858703 0.5551366772744368 
0.3062169820111533 0.5232007840563108 0.09082530470735717 0.2827991512295903 0.5706965860820765 
0.5090856425180457 0.5374219542671569 0.3993691886268862 0.7071671714184056 0.7339448594680517 
0.6024312308912628 0.5913431523077204 0.8566047075517672 0.5000083840906009 0.482437382836849 
0.03846632664654048 0.22201650764066305 0.3774431083120554 0.5721489091823124 0.5927665765095025 
0.553928908735081 0.0755229917793504 0.24348655045975343 0.4808665399043809 0.44164967825568213 
0.05292270287981027 0.6715990595419604 0.13660114922849842 0.9332552824274524 0.2819863393556915 
0.7620188303924973 0.6305381452832317 0.2319204156281407 0.03970675987800054 0.6266670503904971 
0.07698593615815053 0.8841774855128668 0.7903592822104777 0.5096440278976057 0.5881796133433828 
0.35865751407447133 0.8540401314416171 0.6124402587654613 0.6595739170960356 0.048295176306921705 
0.44484115668679014 0.9261550339572925 0.4762948571763913 0.6235925704940563 0.35790409472996554 
0.7415125764096758 0.3693918947274516 0.572430505580445 0.09105966470273164 0.4120134888273651 
0.35127272418683564 0.48507376467706054 0.7455708334303595 0.5453500767169966 0.9872969440411263 
0.537785996100237 0.7807526364366271 0.022609919650550925 0.4715661699637884 0.6172207456365079 
0.4699137717401739 0.9038196458751816 0.05021496412057247 0.4554157997280215 0.3834538244629727 
0.33514992298389856 0.11730306767490872 0.6711522468747377 0.5366728118174603 0.2431675468893859 
0.7159107846135495 0.7427536620951594 0.5697430348899597 0.22118507408715904 0.9077192971309657 
0.053731663136972085 0.27664282649171257 0.5469970282234069 0.17109471895935624 0.30640271224177684 
0.08465753164440237 0.5013521291571024 0.23869286891123764 0.8114891560892513 0.3979176230504937 
0.6243614700546752 0.931729776391121 0.12284088833691265 0.42835055900409724 0.6954533923452626 
0.36617092646912264 0.3409366195659408 0.7448087448122478 0.5811529375737416 0.38983871114406043 
0.36098814770369414 0.8218502054620986 0.27833327590173174 0.4772571467316449 0.12135850089891842 
0.03224155303456977 0.8581814481389928 0.6220195766341232 0.5501523083229215 0.7021192599933331 
0.8717076557795337 0.8258195553034736 0.17162179651431553 0.9107256913906835 0.04917151198988423 
0.22894534554486967 0.46427366643130785 0.5724376683939039 0.9634699247281827 0.8711397662580949 
0.09381815843842856 0.4655513527146493 0.1854082036874456 0.8931472254339963 0.8461330198056162 
0.11345891333401914 0.8369151910540759 0.5520974341739308 0.779566903261584 0.017468408570229133 
0.2939758672253808 0.41902202582849657 0.6601762980147874 0.658706130492271 0.8540340051998244 
0.7601513988176911 0.41129490539646385 0.23998268229484276 0.1132773060504676 0.8506799932102579 
0.1237110860521844 0.41541912387156743 0.4890429485041674 0.8360056228805657 0.13975433620929123 
0.15305642173898082 0.5834606393139741 0.5022596813473889 0.5255905902320102 0.850824651157729 
0.33606283776405643 0.7624505320685626 0.2600271209116022 0.7883661196997599 0.4719588057626031 
0.19289779254612172 0.09679472385970611 0.4052931369549563 0.1565785782932907 0.4455644317792684 
0.9525743444463552 0.07673356755559468 0.32178559606942747 0.70416971895754 0.17602404653067127 
0.0017009666142552282 0.32460926277843516 0.3445952298222291 0.029027035643960697 0.007736867359029009 
0.6611008012381937 0.7470026965362666 0.05393506980553642 0.843994570966201 0.9382363849079288 
0.20976000467823586 0.6541314338834862 0.19523334464438546 0.2177274777674696 0.6318956334397877 
0.7909616864954029 0.3477562589908102 0.08547173898738658 0.06821792579759733 0.7056445881166646 
0.016281633178132693 0.1909592835966727 0.4351258351970777 0.17751280506976475 0.04422264089724559 
0.6829780288664464 0.47140167331738647 0.6884380512625626 0.21545071663461357 0.47496322054062123 
0.31058571731228013 0.33778147017225 0.02676471540825598 0.032015364452699036 0.9463752987258797 
0.7996853068374805 0.41831928494190596 0.7570194214159659 0.2762021056129277 0.7848456772898555 
0.5710591280049165 0.27521060082139304 0.7215649750211149 0.8810256115980122 0.6962270137182247 
0.6753846795436803 0.28297076364398177 0.2271049873213885 0.5274508211165378 0.5290886275598824 
0.22019787260158952 0.5339809392917675 0.053681159843027126 0.5005668716321451 0.5860178187404325 
0.34878815402628605 0.6072266274039306 0.7042681919021557 0.24977305654613968 0.44829298507249826 
0.7790453109137209 0.7763869063208436 0.3862154349118977 0.05651230925025308 0.20766182902609942 
0.11113945775531597 0.03673051049749532 0.7091510566337155 0.5950814896043617 0.7157501098244774 
0.8334165273663686 0.621734542288434 0.03181100967259387 0.5900679679249843 0.6211365947918104 
0.4369140379326355 0.5918792144029572 0.38866191778470127 0.7515419930566354 0.9092589433861589 
0.6492246683809083 0.9201887507244956 0.7786171283890385 0.1797760524283608 0.3551264179847333 
0.6639258025793585 0.001831521417069104 0.9696146398732608 0.6590192249919385 0.21609384302192003 
0.43135185408099375 0.6178166990702241 0.43820025864723056 0.2966376962181452 0.06321612750060124 
0.14256743640778635 0.7144438002857156 0.32191882745174305 0.8668494790767055 0.2640283654716117 
0.11282157781931468 0.49494447717259427 0.06933209067935853 0.0516851360986369 0.22060782735757123 
0.8018725671282716 0.012105165254668981 0.19781051930412497 0.166004075169084 0.09086922100737516 
0.6285386496339319 0.74586445159888 0.8812898436771234 0.10989043223752815 0.5121420469303581 
0.129528929466041 0.21811787864126542 0.1949069459121654 0.5571057315680022 0.630072589750605 
0.29975811273380315 0.4378082706623001 0.31344925492910336 0.44714902011067437 0.2796041462846278 
0.4578872248749135 0.8973016263800725 0.39144650828466643 0.15775482292078546 0.04622039718027093 
0.5261250514881517 0.08266179897129033 0.8907539807182023 0.8060178113158566 0.4005595429579044 
0.06121109614822329 0.8148084331079304 0.2781280270495494 0.11223335005069124 0.3396190785788772 
0.416850383636968 0.7058599149068658 0.9425794614361894 0.5528561344693982 0.755702651879123 
0.2505462504287381 0.870520300339903 0.5501197863957651 0.8076474194661782 0.0035505585328899913 
0.0372907243683247 0.8434292337798449 0.6424752525394861 0.19771514697949832 0.06827910364363043 
0.30111377695483255 0.5420959986386857 0.6995286932597222 0.5466096787345666 0.4230536765040104 
0.8194656684419533 0.25243965425231807 0.8307845616832795 0.34269298105248414 0.639712828449798 
0.8605503823941414 0.8953352399136723 0.8113948920263185 0.49340961278230155 0.6620534053191048 
0.5527906661675979 0.8505830436253623 0.6724246648019718 0.12705409541745238 0.4379482886053122 
0.5102771325961105 0.014369111430074577 0.398729814334595 0.6863453987239678 0.03659777167483691 
0.05546680085844424 0.14624925152168633 0.9352000271041349 0.36063636496009355 0.42647560637917237 
0.17649960163430312 0.38204858603672076 0.8165941777270191 0.5021210317825959 0.8950160918848716 
0.37585313307083046 0.12254940825246452 0.15902284342225637 0.14884291417083695 0.1350703232147369 
0.9344031063084409 0.2696543073098987 0.8542626253074456 0.39297625392363555 0.44125829903662006 
0.27137641531825873 0.4306384064914959 0.8148885175291162 0.728829330191826 0.377645289021032 
0.4692338472741834 0.5814177543528078 0.8244784423165863 0.9072847572186361 0.6180875535981479 
0.44602323564928636 0.0498788115653509 0.8834386775922227 0.4678770432612481 0.21816862625477962 
0.5859549147572929 0.7600440316101921 0.5983651280633504 0.6971710515140629 0.2425021862090465 
0.5725546516803709 0.4161553344805471 0.028740742398575714 0.30875043530570656 0.08515460987659795 
0.3020956487174019 0.2726315804239845 0.8429823547357388 0.22594390404450038 0.9054483892504527 
0.12589555305411437 0.2434627773113044 0.11756811231176811 0.40603365547639236 0.9235010096153619 
0.631114897256901 0.10674234168960939 0.4889560508138061 0.6304846115049026 0.5591629501284597 
0.41810860814101436 0.41563858129649245 0.5809952095676958 0.17777057102375204 0.49906490383736934 
0.36055916297702395 0.7534157280480367 0.7718443685589238 0.8543922499922052 0.202263244502342 
0.23409494930928776 0.3948861833010915 0.001977975388271047 0.16574198588535172 0.35050461335618044 
0.8523702134409917 0.6370999393914893 0.4209750769051255 0.48867059333261686 0.41067516367332413 
0.1558758757029577 0.7499508457418734 0.6734954531778016 0.59962233858749 0.018711431524194966 
0.13095419625593696 0.2549656095748365 0.20763231836323237 0.12881095646855079 0.9246203330162611 
0.7629184698598895 0.527713908978968 0.3802961533185273 0.880636698747668 0.6018493983291223 
0.45012346021408733 0.473715511347654 0.7915637615783633 0.9144672474912896 0.1531773752668304 
0.5672253249771364 0.20264918026733192 0.3647703852746247 0.12482880333524371 0.6753654658965715 
0.2892462981219308 0.7722372239599719 0.9422344684756523 0.7488108463761968 0.5337516046316013 
0.3437140445087763 0.17174132457364277 0.902608857223589 0.2097767247692689 0.2449757503709158 
0.6972030589571845 0.029787744017842677 0.26695779765264727 0.3797694752725026 0.2779877582833592 
0.5219951490564023 0.9035952833835953 0.5086099935005299 0.9240760492656168 0.18440423758382596 
0.31060971600297127 0.3363097797522874 0.8874998585988171 0.038391068622268265 0.7723529656477294 
0.7926881220145594 0.1291783606412339 0.3084810059656249 0.1448466536642825 0.049842429331362514 
0.38728376535265285 0.212141651576792 0.7803401683357579 0.0859146171118772 0.18684202716688358 
0.49041337679998254 0.8048459634834717 0.6535936092161857 0.6072178048246948 0.44003526449573693 
0.5879528422909713 0.6027145639622764 0.22400197459609306 0.4340906786583255 0.7811369578019601 
0.42254354590038856 0.1418817237904474 0.6506061192280764 0.48225413266349004 0.07650460029328876 
0.34481822789983574 0.5904171152615795 0.549820340720843 0.7328703657818101 0.21222363050114135 
0.6538369091676897 0.13649569033357323 0.2864303721207182 0.15044935632304668 0.8369026346524234 
0.03673433895849476 0.3336403575246665 0.370345393257713 0.8013707629075403 0.794761483749214 
0.38274140549282576 0.04711701992819817 0.8074579503468146 0.7983788709704586 0.802143442034761 
0.5622050131584556 0.8408559208244483 0.06879866973757176 0.5988320254393262 0.39249589581930056 
0.729601185078331 0.45503131568227617 0.4108899566026326 0.7415663521647696 0.07821171466367927 
0.8348419425294766 0.7561188842337593 0.4460467983285852 0.45019644320756513 0.07404878685926819 
0.8295038234491088 0.5521436396671747 0.3115298546582297 0.26139619777860623 0.5561762001302922 
0.5247781938949515 0.09116343089506196 0.7560174418105942 0.7322840831107144 0.957477072289776 
0.8674029726465585 0.48279044851504227 0.7627142819242659 0.4817392936913637 0.17176603977885097 
0.05622536204454853 0.7632782833863246 0.23940091240429784 0.9592768200909277 0.7876841594210184 
0.6447737913563205 0.24894488175151697 0.7126260452803688 0.8389451761097781 0.184911323131427 
0.15231838596548974 0.8045552412149367 0.6266053402024128 0.467977197034964 0.4204041819508918 
0.0023051424533961917 0.5435067728120706 0.5399683626179936 0.11669615999975025 0.3315121757312237 
0.40637896634107085 0.8049540734793958 0.28917479731196816 0.40577611445911055 0.033397574855039136 
0.15410036291368412 0.5996576903006862 0.6683237662460996 0.17741940707023063 0.9782359904444067 
0.27679586725435334 0.9453510247035426 0.23575260398352327 0.7340072604028127 0.4194590653114152 
0.5326698561105562 0.39567767633110895 0.3602601220024857 0.8329582568831361 0.5598606029757346 
0.8876442128805984 0.48663099727622094 0.5829654906132941 0.2273588088408367 0.7275044885563007 
0.5280278020865136 0.9484676286174021 0.22338311820888468 0.6368737348744308 0.72106231649208 
0.6841409710551126 0.0430872346889547 0.07135220398325615 0.6993485904089118 0.5785310856030833 
0.7928541385684742 0.3755800975500495 0.722786333097579 0.6868803451264636 0.3514231609726256 
0.5749301338127482 0.3882898393223865 0.07622167062769047 0.013948300858434792 0.04625826441140313 
0.48165524587400776 0.42718567264591156 0.9284549070762023 0.5604089777240795 0.44236834590658536 
0.6615447682369755 0.1025030085830696 0.7341613004312244 0.4879030178222754 0.4016985557849705 
0.498303525306684 0.825812185346584 0.30566107845103463 0.07595343448559155 0.893932329799253 
0.3623064394170836 0.840294129336766 0.8508142509354307 0.10750555542574003 0.8268851206986167 
0.7002723676138396 0.015493764049037795 0.1489353392648196 0.5629281227477201 0.8980458713048425 
0.30311631112968385 0.41528733940090723 0.8414267610796425 0.8665973669903282 0.8980028666868447 
0.871355708134723 0.7893677830231218 0.5398195896151416 0.8814827916339751 0.6443137569000826 
0.2669751803546533 0.7665961306152542 0.3889825285697128 0.29971770945779397 0.496509760161881 
0.360653546790782 0.17174469718912921 0.14719119717758733 0.11528347294096286 0.4913710423382236 
0.768967460008571 0.20488538776034682 0.7102426942428749 0.6950070814511856 0.5619278376110817 
0.6478401115085829 0.524753578425731 0.3287116476609452 0.839836438614011 0.30992501015232765 
0.11778750845890595 0.16252101600750934 0.7978114840018592 0.8584856914486884 0.9516647748422482 
0.7524333505905111 0.5439977248463134 0.43605432048272497 0.29449382244649813 0.262240557057543 
0.37957065114761335 0.3679631345258617 0.17165777670035243 0.4392053990338214 0.6075564275537487 
0.6913929788708039 0.43784209956920617 0.5858508286881842 0.5039315481991823 0.08620492707342797 
0.4391655186681329 0.8549293749854723 0.13711089788313768 0.8460766774804159 0.13404231141728806 
0.6229481524220547 0.6201635937090398 0.47542743061062354 0.4425731918021424 0.182564199298618 
0.7674658868205408 0.9104664484034906 0.26862547535293735 0.20051123505114143 0.3488224541679368 
0.6355804603889819 0.7917903223683485 0.06074140641608394 0.645242460377071 0.49690212729186656 
0.5758487721849521 0.7112824535926249 0.762989425401005 0.7181380868781181 0.9233155475449784 
0.8439386558731085 0.6649511763699929 0.6794653347429818 0.3602356112679004 0.09930616501144773 
0.8434333424385454 0.5193258892064733 0.5730177397543466 0.5328974510871496 0.1067076469171031 
0.12540765603577564 0.8621631873966091 0.9773126354395516 0.048896303013895914 0.6289568322457676 
0.23860638913241228 0.6662437834308484 0.4415225927937674 0.14999886014298325 0.7692814734631034 
0.9145026710894735 0.23267436132960773 0.19040849625184686 0.27850615913476373 0.10445747405941863 
0.3946720498774594 0.414332107836487 0.37172880032831257 0.3909575361517631 0.7479735619004187 
0.3139482857340977 0.5655580612529961 0.5841868073362303 0.6477824570859033 0.20405411904168735 
0.19011985768019468 0.7497833871369126 0.6156335867650833 0.8222812228507264 0.19552391250381096 
0.41555474225462863 0.030909277996828632 0.35283238024901264 0.8827716817692685 0.5231655557513512 
0.29404457168894216 0.11572008045963955 0.406724179163368 0.26650387648841634 0.3522932700212724 
0.6956681746554558 0.29109474925053735 0.111076339796506 0.18015335618447104 0.6006076241890322 
0.4928051836000297 0.47190605207932235 0.6059552050005069 0.11926948135757853 0.9877467971532433 
0.8650864378592652 0.8274234647326366 0.320933908787955 0.7943217383328833 0.19173163571233887 
0.03310955929472115 0.6024136414658796 0.12528890100179313 0.9231398501261745 0.11453449822632522 
0.10224118156490636 0.9176299526517256 0.40031189178435034 0.6209415449383118 0.673230710312315 
0.8558177136808661 0.02786950852301806 0.29246053958020357 0.826013966729615 0.9375059039524496 
0.5199768431097338 0.3730055914972321 0.13079271264267023 0.6280529424164413 0.04818322909243755 
0.21475494975694298 0.3596223486826041 0.1371528463083389 0.15814985577398288 0.8080495942643889 
0.29997334825222655 0.1451428004454326 0.29228041912008806 0.3139455847865287 0.28514870284536253 
0.03997740427663388 0.8437963921793318 0.4597164427385504 0.1560515506572281 0.13137906949837042 
0.7326445398903779 0.6966779765780674 0.5339096252062555 0.48495133039508764 0.5316902480092083 
0.853642451002666 0.9305346883033927 0.6224885183314494 0.09535224315465851 0.5895992381451612 
0.39851521627379194 0.8212345051464057 0.7718804046860608 0.8065258223580296 0.33616677135410544 
0.8923232590214616 0.009695646938054248 0.11234508246490449 0.7399861010668769 0.7502909808132967 
0.6558188107152579 0.802670094153425 0.3784991450771362 0.14245953733652572 0.06994536595499234 
0.5689434498162852 0.041419864193423694 0.6386132424889039 0.08460624039451203 0.4287479299712177 
0.014519817189950546 0.20117912233794 0.291757180607193 0.3383786679240304 0.32891177846284725 
0.06791373251773614 0.37383222108411096 0.8087033005400134 0.7485699600944234 0.8527226595543294 
0.11666391501867068 0.05839835184608333 0.6893978894402203 0.46799480589899856 0.543535911948697 
0.25976971566829976 0.6611093049869304 0.6194716382967368 0.1605461832064119 0.8298238643990263 
0.19180164720111204 0.27962849398436296 0.16850804557601162 0.6956224882797052 0.7741866288898398 
0.21760884169843986 0.324624046646513 0.1290672279651195 0.9427296770957225 0.2946500292290849 
0.43730136487222904 0.172185836889309 0.7856189209787677 0.9026571099834506 0.8248811274028047 
0.3496508304226962 0.19860026855082868 0.5395237341403879 0.16728686958007 0.6683313184034899 
0.6373267547649375 0.8160506745840934 0.5986200899549475 0.8638564713866485 0.5803478176656833 
0.11965691939590894 0.3729780413438033 0.921496744335507 0.37128690531256914 0.09905450100047097 
0.5029371306694046 0.30406340529513354 0.5307407442147746 0.6634225244029284 0.49533014256837127 
0.004599861339106059 0.7603119367744264 0.25088494272101247 0.8681636885392063 0.48970345498712986 
0.17665878112064348 0.5299728849304369 0.6512596621735054 0.9700160889084655 0.4870496655165454 
0.355713679112894 0.31751095280009245 0.1309264587034511 0.5356573225391273 0.6374354054343279 
0.9111641362747643 0.242549920935468 0.5156640184543146 0.2233629845610836 0.8384830383017753 
0.5852407900124635 0.13417193090475144 0.49943990840384 0.7086965950225452 0.4124546837259828 
0.6088787374753704 0.7293961834132032 0.16159619726639785 0.5318075051729103 0.6576739975998441 
0.743157891176124 0.4126390783686893 0.7261998370275067 0.7208685957875447 0.2555164780025032 
0.13216633444576797 0.7966393139930944 0.7872995540833463 0.5042529096868875 0.15287557857487344 
0.5963195051092106 0.5520765038918276 0.24477430409788126 0.6856916503844667 0.1127048535231856 
0.30061149952789845 0.1999253246772671 0.006593876400943555 0.12825864769958373 0.6346564900882788 
0.08806615172919674 0.5714277390842724 0.6028296892165731 0.41587228730197456 0.619261754785884 
0.12766667281818567 0.844738716535716 0.1493494015954221 0.9642465282742351 0.2049814233157491 
0.06325721051632027 0.1020632480114756 0.39999862501328665 0.8503197891694219 0.26746373470235263 
0.09531684775454152 0.9543954581837804 0.5690108248916917 0.4106663374368217 0.6971760085956683 
0.32093243105912084 0.5658339963103448 0.786074379724113 0.7849449654970805 0.4810539625100172 
0.881810274051666 0.05539349497453949 0.8632808029809684 0.08394046733447857 0.8061540516253614 
0.3147072703499154 0.6199199243454105 0.04492374004903876 0.20264707267128867 0.9838462651122319 
0.06680372894855757 0.11292994324256689 0.5940905937389892 0.1785618543688755 0.5183018511644859 
0.5591320071675269 0.07062180045854138 0.7440603490804434 0.08416524613800724 0.7734384035041265 
0.6133832147312783 0.09007093681836353 0.04964977712722829 0.40514710228753115 0.23839872316842214 
0.9160805163266315 0.7419356167894179 0.6265906372113215 0.22107917977819447 0.06177420987892557 
0.625024564700686 0.10202907331645505 0.8140346713123002 0.09420306285664704 0.4006486710969065 
0.6074713349564441 0.40422118288887177 0.8275546844828946 0.521105587202726 0.6285472550940971 
0.017380775610069787 0.5897106134439923 0.4001339198993461 0.29118121541174313 0.16273667026412109 
0.213380768431651 0.5450523286534362 0.4520226061135981 0.20651087003842505 0.2961756418394389 
0.36925008583273533 0.5888523072155989 0.544864436590177 0.4282937344512935 0.8878851477521615 
0.8312052260768952 0.5113831088406948 0.5579881264020335 0.13065783379756124 0.5457963864681469 
0.19334442105671867 0.8793505285442423 0.4465702139078588 0.43039233676438193 0.7659497475456958 
0.4218236625051176 0.13758670860692168 0.9533967026370569 0.11319044049223326 0.42885013820897844 
0.8962545070547971 0.4565202543883011 0.2900317215602237 0.8110192831603377 0.43174677616967405 
0.40915164787351466 0.38412693860467806 0.8920347776793514 0.26988679145700445 0.6348438535149133 
0.8418334322495324 0.8676886236290655 0.3214361591698621 0.26704043346451845 0.5608092032858154 
0.45764354797863593 0.1315907178483985 0.43225177163388206 0.7164924318093219 0.7782049399555507 
0.9221187232114323 0.3940935698378919 0.1338878109782048 0.10611394583230127 0.408904466171647 
0.6268316975344359 0.5277355944331039 0.7649429717562848 0.44962602983490185 0.7521790827462802 
0.7451059731267996 0.8256327807798415 0.8020694459585385 0.03419687192650922 0.3329987888850868 
0.053168289229152954 0.3806133076479258 0.06783529999731208 0.6397700675521045 0.46574546002471684 
0.7852972233553196 0.4774696992564209 0.047016346661112096 0.3611544491181049 0.7342349615278645 
0.4317390490625378 0.043292780527925845 0.24891840224315798 0.7209331920867685 0.29714384394482685 
0.9057396105337195 0.7750277311982461 0.09551572108511219 0.38112982444779286 0.7316090094486606 
0.43012968394279094 0.07907991757200916 0.23227851631008212 0.4823424493673021 0.34083755617428535 
0.09088781424989756 0.8152793342551545 0.26373356616819954 0.5360409410064133 0.6556714729976548 
0.2962652465640776 0.4480638109241122 0.9638178506507348 0.0767566460161293 0.2810395952002993 
0.17646582381211562 0.013441964190681999 0.9077081015437288 0.7826617048725102 0.5441774294050559 
0.43219587525473024 0.2837706876300715 0.06695717360230913 0.5421252768088486 0.9145851858017642 
0.017009003372321474 0.617301294539813 0.11002318747006745 0.7100024729239304 0.953845685033662 
0.09044804533346718 0.910556148414535 0.7539167291755774 0.44844138914640097 0.4593194791014257 
0.5095867332588998 0.40441581527648607 0.8517862919123081 0.8871609252670172 0.6496123205682779 
0.22662331221998888 0.5869489271834128 0.7469646569727334 0.008871146872543423 0.11882852792185528 
0.5280077216991671 0.7452578202447055 0.3959431325369326 0.655191112972781 0.5553856556705944 
0.9217319407508475 0.10360985349763174 0.03937765633298429 0.028867387809182188 0.0244864799441723 
0.20523997572138541 0.680009757340812 0.5282849837816882 0.6092762996711352 0.820546653774405 
0.5424485720869613 0.4810253811119113 0.055947742113812815 0.40035243968373135 0.8702397432823349 
0.22214285400059797 0.952450308343106 0.9886406922429081 0.349826048897353 0.10425678224232993 
0.6840228224093399 0.4094163164163175 0.9410060657598702 0.5037861067859648 0.2907846025435675 
0.0962508708749692 0.556090302264192 0.3980144372142984 0.13883646733335098 0.7211650200597776 
0.18521247611606584 0.36547915686530874 0.7544191191746742 0.12080382774228848 0.9447617129656486 
0.2946265478189154 0.6875958687230355 0.1421720042013136 0.061521832538232735 0.9693509171590153 
0.16532981172882788 0.44975102840473347 0.4801352294296305 0.973848920059355 0.6653875480085698 
0.5890416916026145 0.9231762904010683 0.5520712787015659 0.14343839367693811 0.4459103296608192 
0.6353575081930112 0.8293885822654291 0.6609866077451647 0.48474620940793334 0.26297439678062895 
0.5447763689424825 0.8682278852660378 0.7655412965676497 0.3814812383827876 0.7711246735184386 
0.5457198123293263 0.7900819332105105 0.15486444667012367 0.02581413538044186 0.6487371434616158 
0.6221858267670698 0.20064620596279137 0.07676050205888318 0.1905394534763989 0.8914257818662603 
0.4120816573560472 0.22202238369952598 0.15334896217639526 0.6001199570656335 0.5574528345049493 
0.1898772644268557 0.2233907172373064 0.35640819985281236 0.3474733757566143 0.03127526069398989 
0.9718798747851876 0.06728550886559737 0.40202688391327634 0.8560004678413651 0.553662779876555 
0.8152326303173795 0.18223375007845044 0.2989387775441461 0.6567498162641139 0.04577051831474577 
0.36645416177322854 0.45962847511909277 0.13261917726731343 0.7393606250300738 0.5037940276573262 
0.18760491397586998 0.4088871140366436 0.2272033264832507 0.7087346875178007 0.9338596596896563 
0.3412052508672463 0.0726144877895486 0.10674099959248695 0.6447074388462799 0.9236460085354414 
0.7051541838634096 0.11324867710130426 0.2162428528517336 0.19687205178916867 0.5881988195701133 
0.17231808355888012 0.76318240132081 0.5114152745723458 0.37972760388622995 0.45011734514921586 
0.702543466137864 0.5589445767424414 0.045714381881352795 0.09176665415505258 0.8625835085791109 
0.2046909623746751 0.22136050160766063 0.23305468068092972 0.5837593495105768 0.20945210866772324 
0.4043173017233609 0.44512484319760104 0.029658817199256116 0.8610004497636004 0.14072498911308529 
0.7745013355038342 0.1556855756811315 0.358143571349658 0.4591598462739559 0.6400804097789846 
0.7368704515041092 0.519872180577033 0.4953583745328404 0.7584698691131107 0.4155546650919696 
0.02733608940158283 0.8235509117516245 0.4851109647922066 0.21419573020439087 0.7972814456880927 
0.9890628811256272 0.1269574372691915 0.14845439471110344 0.777164423530034 0.8402896392348959 
0.17063885237697796 0.9526072620829084 0.555320138593839 0.4803188243783132 9.887559746624142E-4 
0.694100246101876 0.40048230057505996 0.6610944804236562 0.10170293966790778 0.9401062142301577 
0.9916364247452327 0.26715241442552806 0.4063872458081448 0.4478021057051882 0.3819219739287526 
0.4932723166845784 0.3579176658613401 0.0686018716528698 0.5642961623070021 0.10160695637640416 
0.07363339733494378 0.15711976798791116 0.8484022079251419 0.6363193285931683 0.35865851741025767 
0.908835569011023 0.06291327492909371 0.48630044540159767 0.006513250313260888 0.7001022594978635 
0.3181443682395503 0.9752813247827519 0.8156527398580702 0.5128324078341041 0.7746355332133015 
0.8977454085808003 0.2739181692811933 0.15721806485769885 0.5690517853051523 0.05179393621201678 
0.34142776579273726 0.30795594251875724 0.5482753556763506 0.5389732490420717 0.8191041828069633 
0.4853734942790404 0.8655139890123951 0.6315080954138061 0.09455387706709895 0.19655497329451377 
0.03767627093909742 0.16699039595994547 0.761543718928741 0.6254560785616211 0.024656923930572505 
0.4702812409584879 0.9863520730473597 0.6091449501629657 0.8663642303454366 0.6050521325257368 
0.524442428250053 0.429255292285751 0.007729229430795792 0.2515762302994786 0.9514056978836373 
0.9259496879016558 0.5609728524519128 0.49420403536803936 0.5535625149788064 0.326915616328614 
0.9293384016145225 0.49094595328962776 0.17739250800283657 0.7418636632175517 0.14774521982838662 
0.49554289933085427 0.4127388881519236 0.9073047767404835 0.9436289691309975 0.6974861084286991 
0.5709441670614142 0.49010859192395384 0.737411156907661 0.29507133703244515 0.8448786427942483 
0.9015755214758635 0.6739083502143208 0.33278366983028274 0.6552954505841996 0.34621603257605793 
0.2857092060450752 0.061841122907349 0.10507091118505929 0.8468468740137419 0.11807902761601374 
0.6279551502838148 0.14084596019349183 0.9274389554957008 0.7265792456628075 0.12566737827515606 
0.09497575263629421 0.8060104872033363 0.9224990081454775 0.0032351236149579243 0.28515838116092307 
0.8494549811615562 0.39723927638433 0.470845878870901 0.7404734431631838 0.4126833270289867 
0.44729922593431926 0.6158607019457476 0.4824871525337815 0.7607315061492549 0.44461215408497 
0.5167017636957808 0.3593865565105856 0.5597896423732515 0.6264154826776815 0.8765172526910344 
0.5542507447118572 0.5261089157764917 0.27606070981524555 0.919353258857395 0.6284512388097931 
0.8365009076124214 0.6456790287610081 0.85524432492521 0.7528507876261068 0.03963739235252528 
0.06693572018750271 0.19323188838010075 0.20152265721953366 0.5454518978847177 0.8795247515390773 
0.8734080514894361 0.6713694448270517 0.33521637202299215 0.3572393567172696 0.7320779215738829 
0.8643304333332488 0.8533235648343841 0.03586145652363437 0.8177704463673693 0.3074747364494975 
0.4099935333809691 0.09016455882356833 0.861847285716054 0.3320736985605087 0.43592186936329014 
0.38259708835781137 0.391605778364138 0.7701710247668102 0.6766485222622656 0.1814112500280255 
0.9627604021232962 0.3213606852814588 0.8204122882032187 0.4249429333411381 0.16833423920163493 
0.3711434899889221 0.7933642313754493 0.764442002186288 0.21820624545111678 0.17568268508325424 
0.12462754898372919 0.18378629656708778 0.776609852835036 0.7845921405966423 0.507751685400695 
0.032842207804760104 0.6822828539168236 0.3402743433475812 0.34782802963095516 0.1332936046246267 
0.22070439637330452 0.6122518051512512 0.4031574570860722 0.3645233401385989 0.2949481771889161 
0.5919491296262626 0.14246118638681704 0.6398097016914491 0.9425556928017 0.5684210979030205 
0.2865438787048461 0.2987805757748778 0.023732996146639485 0.7815454794784652 0.9731295125687923 
0.26180243632352906 0.9242506961382025 0.6390738336132139 0.04861494159003754 0.6499191973564054 
0.3508317186593368 0.7630845329044322 0.2268892023492708 0.3604747319804712 0.5825365875377906 
0.5022488955455574 0.6708662470803587 0.10586181918963633 0.7153563665229798 0.6686858157603665 
0.048212672013737246 0.07004234237073292 0.5529090401593355 0.17301256251571984 0.9150303666457891 
0.503536548368769 0.8012554174293012 0.7622593404386961 0.07498015424297 0.9343876127250029 
0.5507476865250842 0.5091509739561869 0.17245330158678418 0.559780734860863 0.8252272771596896 
0.8814508208099309 0.2580278678294351 0.9379735643214261 0.24032953056600959 0.39342959710006264 
0.5023680008464244 0.8689127485318596 0.8875268814722784 0.11025898451330318 0.2975520896768745 
0.021611295715404433 0.7309529902249811 0.7405658453348914 0.6961400161006179 0.9607155482896708 
0.6983253410855007 0.37283194953224685 0.4966711800087351 0.603520275240327 0.723336674249387 
0.6108560304899044 0.05378411899439406 0.1913153454497265 0.9379816931278758 0.10144673776286084 
0.6268635573107955 0.3910442747357673 0.04293690365257308 0.0960053329563304 0.2920074433014831 
0.15982140594844907 0.3723485319052483 0.7936139718576728 0.1265089745890834 0.09179166233350466 
0.28779156760606484 0.5800744726939002 0.534717519663836 0.9270024115232333 0.6828891458425355 
0.47760487425695586 0.5571518912461765 0.27557672771853137 0.3193740335344626 0.898121164587005 
0.8594874290997673 0.4309752025548719 0.15046282807679157 0.15322558333286207 0.12658559861548413 
0.40214569773426057 0.37481947806421634 0.4270805325290229 0.27451078045735267 0.3493691097744749 
0.920662433777038 0.2277862060305258 0.675056751520931 0.5794324267022727 0.6150403757908983 
0.43484394159148076 0.4670580619072082 0.39011223149654983 0.3901949484318741 0.9924254608322968 
0.06047672380960256 0.4484100044854671 0.3364985598036542 0.4928108836122628 0.5028916733830289 
0.19465340170305323 0.16144822978348594 0.15204114944102542 0.670274745587902 0.8647995930284639 
0.6536097992693454 0.22580581394252697 0.9823606143457212 0.11725115524414187 0.6193847079818376 
0.4146562969669225 0.40436783048400815 0.37911048699022176 0.028095436917258687 0.27187408456510553 
0.636393711458579 0.6483467583036118 0.0670642650730705 0.30632545535845657 0.9003636848393747 
0.16950330716921613 0.038682355063652474 0.8585224400414622 0.9134014071549867 0.3042698981706099 
0.6587464290589706 0.850896257852051 0.027264751022644806 0.050848263007105654 0.024880029171264417 
0.36881500647804244 0.8574750725424098 0.6916786035431093 0.43310522897114623 0.6587745067200805 
0.4774808082926043 0.7010437408586406 0.39828644892985987 0.8656192743547493 0.23328557745984546 
0.9112860453283542 0.802156471880068 0.40534470065716355 0.49439802708346703 0.1202754249970307 
0.08658847410798254 0.6032382829179966 0.5575693179608642 0.11970573409678009 0.5432856798228687 
0.31125343771928593 0.812501297962666 0.5070489888011891 0.34959894151474624 0.9307944523702204 
0.2521154286233708 0.6725828471859318 0.476574606800076 0.9253853397321088 0.954230068825425 
0.16180341187817615 0.06344392538428312 0.16533851776068997 0.9359499343401557 0.8628597229307888 
0.10781583421750618 0.9914469026155055 0.6846663052584192 0.2994215109277899 0.10017457791171414 
0.8147057247197067 0.7159394827089615 0.8114960664122407 0.4472581463623586 0.06049172032796224 
0.904257793741208 0.06535439542556198 0.2470928375903012 0.013067986300202672 0.2046127067274347 
0.9647387236841949 0.5949590643429696 0.32672529812924334 0.005445296870581706 0.011755050619572271 
0.7901505403109722 0.055598163777695775 0.47058467591604247 0.8697668822789978 0.8414457208438447 
0.9622077714066661 0.6139464909109495 0.4366712345571453 0.6480986185910781 0.48316626909897264 
0.9336984918564066 0.16497233194512007 0.01715116649036863 0.940047836019157 0.9122611092984568 
0.9614513876530345 0.4520980300451174 0.3535978436896381 0.4363299524015374 0.04024388195293915 
0.4087484320200777 0.5565838929471592 0.5255034609925044 0.8388207684867931 0.3016358037342034 
0.07749902606950965 0.942134879280022 0.4123894335438304 0.013558739803707476 0.011852414447732329 
0.8330662456153984 0.8196182483173604 0.35889305536724336 0.1106669287146681 0.6476386467009984 
0.9047566940539333 0.05417185599026997 0.020250956292957367 0.575447547911801 0.8679382785424928 
0.6387656931790935 0.22704101993501002 0.009004866002202627 0.4308682135103574 0.898312454410765 
0.8864230027192653 0.09000811629341088 0.6224792658978672 0.18905774564157163 0.6642859928090492 
0.0589741578423737 0.8403484833399829 0.2510359313495161 0.7988575709054277 0.14981736778867716 
0.6284542579634801 0.03190655019860411 0.3214067328298974 0.21415444929520588 0.8686140646290429 
0.31051996177872077 0.6475834290866553 0.6011201955643884 0.1149280843623145 0.7893948053195758 
0.3837830193548847 0.7334446560594645 0.184774171686651 0.7383389351739824 0.9390623656067865 
0.6763772027696827 0.6630147600832379 0.339316947080622 0.7282819377690155 0.6458044452836957 
0.8802976572948737 0.8784119844475675 0.03663613527400067 0.7359498159107157 0.09246786983028121 
0.1535359149333405 0.5487199308290989 0.33244674588885037 0.8550241166606763 0.605527092413246 
0.4513927763513679 0.3576515811998121 0.42246912609146947 0.559074858992375 0.2795544965582861 
0.008748172096177953 0.01668588982910979 0.22190204000306213 0.5454489952543351 0.8416788866077282 
0.283529464762196 0.4984725277870462 0.90118455668289 0.3684239997619666 0.6506978205936693 
0.2687228793209667 0.7947690501347634 0.8418566922757917 0.4759845032020179 0.13442542779031252 
0.5201371250658092 0.48677975312579913 0.3701915175691275 0.9145160299948245 0.35905745560388513 
0.7702759375472406 0.0253548053252578 0.7953702424931293 0.27991515022433444 0.5936927176241277 
0.703885696115801 0.21151676660157104 0.8292352003190637 0.750996276179998 0.022304227688778266 
0.6533578239873268 0.27798132927273866 0.7691157203964663 0.5890526977151148 0.24385687821165736 
0.49432189184778974 0.4594195593196688 0.5357266540747534 0.6039739859278622 0.48737681007126143 
0.3637558785543771 0.3727239276363371 0.7722114208159964 0.5886471959689622 0.7973328970471341 
0.35056685356343287 0.17648632855729096 0.5703901478850085 0.19590287617379176 0.4122016920903212 
0.9031452998585222 0.496207595632857 0.8033342750141798 0.4760354715748252 0.4156065160827973 
0.1460889906576034 0.34050292205912935 0.14409463775310571 0.2949352963552937 0.66076047840901 
0.38081601610151106 0.06518573763116897 0.9369820692877888 0.09372179032671524 0.7642578077773183 
0.8681943637594165 0.35617752678464676 0.505980748200867 0.8000692591502523 0.40732575181264463 
0.05257201522161914 0.5917695576306266 0.6536808800599047 0.24279184618501337 0.12086615897612007 
0.5704954597460263 0.7394707444399619 0.10467773310354267 0.1205306982440204 0.03874764102958139 
0.12117293290791098 0.7762589513119447 0.058538297138773676 0.11647318371011972 0.5419398350776311 
0.874541441995719 0.5342057608463097 0.8944198974721281 0.7707610542833678 0.2019352082487097 
0.5509369884937547 0.6187486271076127 0.4855470326272442 0.5047890684156785 0.873873114774918 
0.5076277147602067 0.4418698474833149 0.05614292624700301 0.5824618236554062 0.6735424068458383 
0.2707813646237648 0.801188376061049 0.8432824899380859 0.18570640171074704 0.7986589571330616 
0.6648729234375269 0.7065215601293136 0.4053375492042395 0.04244209984490599 0.32876453507490977 
0.8933802733396572 0.5368114967911127 0.5989191060651454 0.15143504678178532 0.025631316653435654 
6.6592862648851E-4 0.6432962270123875 0.866862445415387 0.06759048038486026 0.8836843731857901 
0.3700283554693853 0.45910578077239017 0.4813255727255734 0.017869146461675256 0.8514453355093912 
0.45595816535844147 0.14948862596513157 0.2119842988511712 0.8536440244490954 0.1250627638436942 
0.2770596543934388 0.03723359559422024 0.8259903196588293 0.35345305629346324 0.4761024254322004 
0.543486374039745 0.06506517467526363 0.2667830290092136 0.7873152696167435 0.5206416687520337 
0.7780057831536316 0.0237881688948286 0.25253018933679416 0.27944643739951935 0.6553752730709086 
0.43559349313626405 0.4561534626727899 0.48359706027418903 0.5023032202988356 0.5459592397455152 
0.6884445191038766 0.298785947417605 0.2671228999901112 0.02549842407841918 0.8256593359949161 
0.33253675059412946 0.4967401352243044 0.08137825178249547 0.36321362136070223 0.9150849502957441 
0.7865132870855227 0.7496194941692538 0.6224851814667179 0.007213818440208408 0.2887347602054662 
0.4388174121210632 0.46375119403513243 0.3422675489105188 0.27360895676859665 0.8797840882193684 
0.6707012465477233 0.03137624063920086 0.2853504073509815 0.9295049508643232 0.6261964501056441 
0.742467601233122 0.5257619090662341 0.26633581952709373 0.9704579491870061 0.0683848301839507 
0.2744101772748707 0.664683345833756 0.015577552314487986 0.4885440157975941 0.6368311859253594 
0.6283003462128036 0.8164941572362526 0.20265812224779856 0.3151006894113445 0.15556520832620835 
0.4471172913900068 0.2173848374455124 0.3067919303271678 0.26307566706495533 0.5745215884992583 
0.7027433844817451 0.6383665521563411 0.3959472215877665 0.6485718926778186 0.6062663076746224 
0.28529967691581026 0.08332113425522014 0.7941064618652088 0.286286552693485 0.1212546578170971 
0.6015014108003154 0.19078761223641727 0.18638784839296474 0.28960404058892875 0.4081404949632864 
0.2247889308056651 0.24833032730280036 0.00769393239379812 0.31738831231093123 0.923074074918782 
0.4506873321595367 0.30025389906102284 0.7424701717748463 0.8531382621728782 0.5190577352521836 
0.580118739088035 0.16212605578760453 0.16830167229007675 0.18927411541927464 0.25630041195384967 
0.5225442157597562 0.5828757455216208 0.9157205236866854 0.5968242779650127 0.6773230084397557 
0.05750782126560772 0.41343744101329105 0.09303569124086164 0.5560836192347322 0.8995153028416651 
0.6446347746743828 0.004797480386843578 0.08935889494757687 0.4561292348382632 0.47125491218750204 
0.3424409804364068 0.8961060676149117 0.016147878218596645 0.35889922739499647 0.8666492288870297 
0.15495476850121448 0.15946540792627717 0.3101105962557593 0.5014009747607189 0.804122113031684 
0.4387510559969159 0.8114215957612337 0.4667217369890465 0.8400109545059089 0.341056488330848 
0.012838138564635115 0.03443771533125495 0.8305587178670696 0.7607148049181167 0.7659237157318786 
0.10782873272670945 0.9589851147155984 0.4139042586688211 0.9144281204263756 0.09632707462405998 
0.3355204250062146 0.1064714060202071 0.3492695582455989 0.22824237064203978 0.02721624486834673 
0.3545396493919273 0.42271108428080995 0.17865683530977283 0.5369146113220794 0.3363146817464602 
0.484164514809018 0.7630346663321269 0.02584943951127794 0.19669315545558985 0.9953406766220739 
0.6067469482907946 0.7865375466197408 0.7468826724998407 0.2047368143116397 0.8600970134842829 
0.7415422421947827 0.17173361838447876 0.6182048735729816 0.5684677046842755 0.5997358684838424 
0.7681038702168216 0.0017257972271769173 0.812043333522615 0.13196875096098637 0.835600284900969 
0.010393086192431955 0.5311716523466824 0.6140573266481284 0.21796358250006598 0.10577116016227317 
0.1699304918781327 0.7629025916704364 0.019847162652344763 0.8204715509275943 0.8363511441270369 
0.10004287160867975 0.874078700665008 0.19128640356806603 0.06551283330671642 0.43223984898821477 
0.9459429110065243 0.7363060646451186 0.7186629268588295 0.384806397248839 0.15744097254244216 
0.6518270099841096 0.8068221485448069 0.2591343117312479 0.47640723113841343 0.3804922699058546 
0.05793044386505175 0.3058704129362195 0.029142719872859213 0.15701690588464368 0.43458459244429515 
0.48734323551960756 0.6814397941596744 0.28759053517577693 0.01818125599921061 0.8731795068016254 
0.04468222609150818 0.4337146495969858 0.8018968880385676 0.9048454256688198 0.4830475755411795 
0.22121781634475401 0.3428779694950074 0.8732581060467774 0.1767933491962207 0.5514112396400407 
0.25671449595723805 0.18823018247484202 0.636403358117646 0.744006510568735 0.5059735508853501 
0.34585919124219666 0.5524602678247382 0.47627462702128653 0.41467116300325757 0.925454748949553 
0.6898449005478557 0.8240063853935684 0.9331890227147505 0.27479958183554953 0.47236163312014057 
0.9068516499744554 0.19064295658818753 0.044361808079524945 0.6035301861490789 0.5386334657480444 
0.9855971630238252 0.08282100243017476 0.33123362956158797 0.7637979129442207 0.8330171959403697 
0.7741899892614306 0.015206741460686679 0.017653178394645086 0.42077728058313857 0.2733677125930738 
0.24794550330068077 0.46706445763148563 0.4428870963912134 0.6499153772339982 0.39260994137454175 
0.31598266369127603 0.34684636528950885 0.7159824952774675 0.39347999051936966 0.8487467399566052 
0.3617687101971331 0.514003080760508 0.04494463582475272 0.8295501591861443 0.9677214902280031 
0.4112156424599579 0.25949077815116683 0.6640186836820124 0.06532112249435562 0.7955972892263729 
0.2541828695670656 0.24551787772271805 0.6875116131905848 0.56907253355328 0.7014621600548355 
0.8373753596125018 0.8693277531436052 0.05003005606769251 0.20021961870825922 0.43957031165229077 
0.35027862536348964 0.474666771358482 0.29574126237833376 0.7019895377456533 0.8704441784458098 
0.5322029171674303 0.18006898137519767 0.8301414055757154 0.37018080507981377 0.5886702398629365 
0.6355968278127133 0.2962841750643309 0.9768724977528251 0.015712311260634104 0.30203095770321764 
0.6471795151081572 0.35339626053876083 0.06065912713152599 0.8618107646147285 0.5296632013457755 
0.8684791535079458 0.40374368598576793 0.37817019612233194 0.3899706227489884 0.23155793012815062 
0.3746426193696756 0.992218977717431 0.0991754477995509 0.47114457455310876 0.6778412272676473 
0.7204457850411765 0.3549766254096641 0.18851677036873504 0.6404998694520461 0.7513362415026856 
0.440143321611734 0.5903963990307711 0.5328807723713872 0.045851380741387615 0.24813608396831965 
0.0806775344650067 0.43531259390199595 0.9928808482634467 0.5691691866512928 0.6360538211669022 
0.7305835854608732 5.732302917027532E-4 0.3471911902957312 0.4100580114259963 0.44929888461047574 
0.8819137987869734 0.0802021614172237 0.4450892828345291 0.4192026275665226 0.21753265920101061 
0.12618660898441525 0.7687313618780613 0.6457940004181434 0.3149066955504246 0.10824258783335305 
0.8300061436735279 0.008304213974207997 0.5580556381409749 0.8353857660328085 0.7172361489471635 
0.9520469761550492 0.23593930924033135 0.419332005880132 0.3775781980911971 0.10668665152318291 
0.20241510693373266 0.4570048595245364 0.5160120709698984 0.500013002588086 0.06185687777888549 
0.027767105990704644 0.7214018565506509 0.7940956542093307 0.3433033004159045 0.07246956766748203 
0.3225466887854228 0.5228283838293504 0.6843612984831482 0.4089735195903752 0.2513516708074641 
0.7597692539224633 0.03729521691872306 0.2630444351491097 0.9798834688867799 0.3441776976462715 
0.4642605455514477 0.19829593977658788 0.7564534022427595 0.11692259582288878 0.0910617843962469 
0.030784132677677545 0.6126866541653304 0.337567670017908 0.3643248324542797 0.9375981937288648 
0.36363881265975384 0.49780409660832803 0.3354503448374482 0.09610947236754042 0.07909920576465124 
0.6057377296756342 0.2628891956544883 0.15402536082006757 0.14185485675300635 0.5946647147610054 
0.8308585607769766 0.8203102333363931 0.5762732058582335 0.7028544660331123 0.4001153193765521 
0.08329651839792018 0.5943932941301457 0.6239570328728921 0.5083564793094535 0.05079934231473371 
0.8667600764620064 0.9545947089108135 0.0526234436299865 0.4966377080665928 0.1359168023537144 
0.16743058531559674 0.6767976726544868 0.4687734189291165 0.6634048452701476 0.6947277067407718 
0.1595898978564818 0.7027240957428728 0.29035711191626135 0.4778668370256973 0.22518599224249036 
0.8740104438313592 0.22625837106818802 0.12459045936827084 0.9136249547936582 0.5067619643851627 
0.2720734676719768 0.6027805155264859 0.753420475818723 0.08870187615717284 0.5652351879583336 
0.792546729950878 0.3460913222997287 0.8677297197498068 0.16749170838978678 0.5354805700242525 
0.06533592419596634 0.32637929671860166 0.8607835362527939 0.6089641312454287 0.435336654077657 
0.8772482905453144 0.7029259552565086 0.2683735315504414 0.3531542304305384 0.30736266698339454 
0.9123644249827229 0.28339110346676843 0.7511778608824563 0.4881022750418448 0.07023556813131415 
0.6736625302326031 0.4111072240750808 0.856553821524381 0.6923063172122306 0.442561786559979 
0.06247993669597707 0.4281632248872995 0.19381572894715293 0.34310208957656396 0.045270418128166456 
0.2006903157433546 0.6639514785875797 0.4844816664189321 0.54433833739468 0.3030892299000122 
0.4425949136751012 0.2551168460711887 0.24956855406867962 0.6603358013253132 0.8025512170666017 
0.36201607348598763 0.7473439334622393 0.6121342627577757 0.06866447178434287 0.8404999479913431 
0.5912699226498228 0.3051583573094929 0.4060231599095858 0.6504336983109774 0.11468662943978702 
0.14978406292900825 0.11397583773982378 0.3389301629856387 0.07827530814162342 0.9649037273942711 
0.36321777186267057 0.2279355300178576 0.6104534742531595 0.1608321838662602 0.3381489307832142 
0.7195718493697414 0.26105615887195477 0.2778781101963297 0.5942176014582778 0.4502559394903858 
0.8088049614498846 0.18192143150298834 0.4693373956184482 0.5480853542394737 0.34620934794043334 
0.9796748847011152 0.5194409299109684 0.525813945095635 0.8148688776474121 0.42078597194292555 
0.529723599336303 0.26332514720026745 0.3922801520636624 0.8189327442303146 0.5019993383724818 
0.4704983479351579 0.2289582810418117 0.06791039017969058 0.5267972789018011 0.751162340706573 
0.4128405610987439 0.2593454854021725 0.9325382588565836 0.08458697987295394 0.36702216782403885 
0.4486572870947476 0.6997189496138477 0.7708626636015432 0.8133509855830832 0.5500698306682782 
0.47123397462992234 0.022301627616328257 0.8744801636020395 0.8477872752331447 0.2703268319598532 
0.5778198657013859 0.3506319176586472 0.8064834984172301 0.14689764449453035 0.34737879321470955 
0.15579475381439067 0.6904749510696006 0.2802697000326745 0.15065009727905931 0.6473976642010763 
0.5443427334996145 0.24919700122641564 0.7263011669802446 0.1115836900674615 0.8104147622452009 
0.13569590374914287 0.3420696755113506 0.776520235613329 0.50263278005959 0.951394386580162 
0.35566662804828 0.2107868502562168 0.5034830155055298 0.5668122233953174 0.3479524908475662 
0.0045800934551496475 0.393682910361174 0.613530350497743 0.3633130667699097 0.4414058190600292 
0.5167903372095903 0.7691221087082286 0.6308266643549841 0.356858124417343 0.9924582715171643 
0.9255572785650288 0.10338823705006062 0.18822655072063 0.6500090308322046 0.013484406913355285 
0.6270289257057517 0.6836837644180783 0.08704128608574602 0.8663104091725861 0.01915342252828478 
0.1266200082224367 0.0027729610700966134 0.7636601560693316 0.23017948386304776 0.00375411839667128 
0.3305580878380314 0.5574642134645799 0.5136047950257393 0.36870976980168924 0.9769994438604112 
0.44738826371297113 0.8779144492405812 0.6405799370776067 0.5218017276719941 0.5535902552036694 
0.7071633614479916 0.9632187396980847 0.2504183972201518 0.27710071896228006 0.764410654236338 
0.922993893502765 0.1803201146708936 0.9054008798835719 0.6492926271143692 0.43350913280689374 
0.6588696079128079 0.11544774918572365 0.4331619646885816 0.8288404786639831 0.8726978638505852 
0.31331345619113127 0.4625097187076055 0.34540262586153014 0.08452366090049401 0.1432004748618212 
0.04914530994284849 0.6337876398179587 0.016395566074105528 0.49298593550017034 0.4632712760797494 
0.10871416561386538 0.8814673665990213 0.6475697450203846 0.30845887552778095 0.9959394524292586 
0.4321573129675865 0.3278182946618108 0.0309536327221841 0.7621437902625923 0.10882349330902874 
0.3679287406026107 0.015897138068751593 0.657484887131875 0.7263623016495194 0.25330930621599457 
0.8149658033729601 0.7080392540148994 0.3026899939852381 0.0318744148706418 0.4149349982160848 
0.33737046320380115 0.9047836374416098 0.5931606374099151 0.22807788140074625 0.9222363868736718 
0.9353242705396799 0.08180323876622952 0.7754777801078975 0.27537307465744787 0.5002019569402011 
0.3806836700229477 0.20661778483996485 0.36929653018446085 0.39322931471013456 0.9658613612841452 
0.6059278376858056 0.17352668482369749 0.1105287868621414 0.31204755436366804 0.028481452034046062 
0.12116425119497443 0.7689973267286242 0.223746325765104 0.17572029594075012 0.25402127720777523 
0.4059318828529124 0.015239297361453796 0.6911438568683622 0.48008602394168365 0.3285376029734609 
0.20249405993564795 0.4471075471476528 0.3068946470003071 0.2953283713851207 0.05584429555851056 
0.28400562711664346 0.9464193415034906 0.46880770755026724 0.3032673688611308 0.653405463155732 
0.5835180365095599 0.8137494724156868 0.6977438600702301 0.8243819494312676 0.7993697296204905 
0.8372874656990242 0.7200162505381283 0.5788546603370717 0.7820430517399815 0.3435870699557132 
0.6089554630802319 0.16016647092885528 0.6126513146317655 0.6912213011144483 0.9118588201914112 
0.5973549686956522 0.49427889307345085 0.4866980870292795 0.1194199967995323 0.8560562523040424 
0.8335635670739822 0.13982100691903143 0.1661770146603333 0.21034204632815456 0.682205347166187 
0.44744181055315946 0.6545963799833077 0.41531118758748087 0.291676192709334 0.2675595049897992 
0.17163125475237206 0.41015601251022804 0.6899280397418516 0.8377747900625134 0.7228403314690602 
0.6050954217295934 0.7179833676519171 0.026734971815468578 0.05459354251684412 0.12565883937754208 
0.13858195028245124 0.08824339961146299 0.9546240365395234 0.4073732730567058 0.6325422368766377 
0.5327542369046079 0.4605257769098162 0.564730689303389 0.6126272432989787 0.7108819784046247 
0.3835311326846076 0.7463703726992357 0.0933900071395245 0.5664185968986274 0.6079308425644173 
0.9299323424578974 0.5494373980681889 0.9262845723139153 0.40805991049880774 0.2052931406867302 
0.6551950737757012 0.6627607301600542 0.3692046995165357 0.504020410928039 0.7615717346960231 
0.9843147986592113 0.03092424134985905 0.6125471806545262 0.5127623392331062 0.8772241296316362 
0.5964984912949794 0.9923377091374148 0.3018604519286633 0.7513260401199751 0.3279302950534636 
0.4267187130463851 0.6305532094963162 0.8587468371098582 0.918174988140744 0.1117697996087228 
0.5130588607794669 0.9886082102242909 0.432734329534304 0.35577725218460565 0.738393429929327 
0.9466321039830313 0.3930928563268442 0.1634170010901742 0.7462990772407362 0.09271295809529101 
0.9680781341552879 0.6861884447177904 0.37947724641287217 0.5964944017489177 0.20042838001681096 
0.947089998877089 0.27127113559915517 0.5819359813809954 0.31405268189051516 0.6248351318798332 
0.47323599794390914 0.21087335483757186 0.9340977203683262 0.35651160600363974 0.05579663884702302 
0.7139833084268135 0.10781787461634873 0.5898765633877129 0.39243134368940213 0.15703682237795924 
0.04613047057500841 0.45210438360197136 0.8001681101681518 0.6468347304521784 0.026532333000790498 
0.4403369312976626 0.5243692886710526 0.19503605205936247 0.8234945463099201 0.5513307890994836 
0.4754011458072138 0.297966474744916 0.30248454719627704 0.6933593447135605 0.090208235939778 
0.10048431711538885 0.7087051170864833 0.5391147696402891 0.6178109299582822 0.39910475796117584 
0.7824878126822258 0.4893235286217028 0.22276649990318542 0.8421489935075321 0.841812616647718 
0.7387206599526399 0.7341999701555566 0.3152376475319574 0.9893064180720866 0.03672216758001001 
0.6306330364731767 0.14408656952758858 0.9770279530042979 0.3017599349767547 0.5001708742628255 
0.7438583344064407 0.8754953143285219 0.21025207532570522 0.4999928701232208 0.4687367635181434 
0.7128968252978367 0.3475707189408588 0.13297986307044396 0.07395455770465775 0.021773993817355453 
0.3525971291130343 0.815902762818407 0.31817534614201237 0.7652215141418242 0.04023789134555522 
0.5711518823020834 0.7037720445592525 0.7421169047469511 0.12348971866448433 0.058433624328455 
0.8437154880082752 0.5930242742915371 0.22379193262634445 0.18099827327808216 0.19417711646126512 
0.5919417831285105 0.12975438143550866 0.3033144269114566 0.009202164915071087 0.7517771136337978 
0.1879607717883126 0.5381638476642318 0.5857413086864722 0.7968850197855721 0.07083424718897147 
0.6373188263779492 0.3910707582498393 0.3700164023634709 0.36659931085123454 0.5288012002076213 
0.36362938759704233 0.23686943660443227 0.4396927989016026 0.901392268969393 0.3862577227056071 
0.536024853767877 0.5291019626256095 0.1740418598679433 0.5617941417502256 0.9319621427754636 
0.0036318186814893183 0.5039250471868385 0.8796312284931327 0.36676321515151 0.4109174923987232 
0.10782313330110749 0.7662943007249351 0.9185697777696807 0.1544380357884827 0.577004991806202 
0.70795915612998 0.014141843166926238 0.30708249434832124 0.9719625790617872 0.9059412690017817 
0.8830435956106271 0.032349489800440834 0.9512317770886031 0.171861394389082 0.049308656435241516 
0.4199210716941394 0.14670956004405966 0.036119973995175414 0.3168153269032097 0.8190161747623464 
0.7874945048982537 0.09103087034408097 0.5745613944952023 0.6908347459544485 0.8679110749641167 
0.22175498146620398 0.7728727729674274 0.8314341603462032 0.06622075769439617 0.3998001269173074 
0.20974008362443097 0.022912744564030252 0.9878237084208127 0.09256580338485598 0.4556176452652668 
0.2828276906399463 0.501067850582284 0.18871434427322853 0.016099768483558208 0.43603392238144767 
0.3266369188502445 0.7855550457455855 0.17742507505128835 0.015486588424955205 0.5669038130556097 
0.34512853439824265 0.23636950114305222 0.5931172466713542 0.9754903122205598 0.15410994341127282 
0.4457759579571853 0.03055476810427815 0.32634288698529623 0.4561987343523156 0.5586357706102723 
0.7313945331123136 0.5423340543962226 0.2719623877199363 0.1319580289383676 0.5207182314851277 
0.671793464178561 0.24663590748436914 0.47042564345113913 0.563935779867446 0.8878549926515256 
0.8679854443634618 0.2560937261321361 0.9177448658839741 0.6842961305154112 0.2067708637849066 
0.8966293856254105 0.5823851670076536 0.44915620997552574 0.3163796641174915 0.7703626676351213 
0.747982760236908 0.00844895462729145 0.7308313920062699 0.7293064626076959 0.4476827092233632 
0.022132786729052945 0.14189561125784989 0.35129833750510864 0.6954317653156821 0.19097450484025935 
0.12842566701481783 0.6398552470140642 0.5371561394231594 0.8826090878641958 0.020720518842323177 
0.4176851212498134 0.9174769804151034 0.5988796310451335 0.19088791416236706 0.010611843382576036 
0.7651800212348739 0.7994897344537778 0.6367314330137485 0.29155263317599955 0.4367245037275045 
0.45248840467921836 0.0836574731895593 0.8628276388725187 0.7825031552484726 0.37180672790936065 
0.3304934653024324 0.20230432627574535 0.8498907943992864 0.20999104885273756 0.22029396367209053 
0.14780086330867281 0.6814328203848548 0.27247937265564404 0.3921750997328616 0.1281894176404892 
0.6810297360064572 0.26671845438825137 0.4580421115374512 0.3369959008693919 0.8415029820504818 
0.7960837778413102 0.14747722572416821 0.29593361399923945 0.642141577256101 0.9051757509583591 
0.45896182350580217 0.6903545051758487 0.6862080657923054 0.48221169567500277 0.24407114487854598 
0.9003171890017359 0.6182220393273238 0.7883384340973328 0.41780186690518795 0.7811522513561633 
0.3702080253898572 0.678105824184984 0.9402420604084581 0.361369230883374 0.6482814583273665 
0.2423043573698045 0.4254520600987317 0.42985652929324103 0.18054229757990858 0.4193492337862289 
0.20173649337564326 0.11082078325823108 0.3451858603075765 0.21510051176259004 0.39727739485154234 
0.7355585033795133 0.36087483017230426 0.4143104772900691 0.9089416513698618 0.22496816819292054 
0.7687379592709845 0.25588674347214746 0.6183830666820297 0.8376281719980531 0.38749140381803215 
0.6662639529937892 0.8214935174385979 0.1744580885280923 0.21322728476455954 0.793179685213643 
0.44670017898880277 0.6805996105021034 0.12707149277251917 0.721820946134479 0.2876446933929261 
0.014079384181277965 0.4003540573716896 0.10694614494065313 0.8953252096802838 0.7702739010670903 
0.06270255636468824 0.7589512347625958 0.513606884796109 0.4704274927590347 0.17998365153741114 
0.1805095418723367 0.4684518105630918 0.12830196607960698 0.38562084376747563 0.5780899226450571 
0.5504990113218825 0.5083826580829098 0.4819626759502915 0.49103142978210523 0.6193469070576559 
0.6844537301173899 0.5409701549492745 0.27704939781516724 0.882148024875427 0.421768471953346 
0.04820314342998644 0.34641796647669953 0.067874731519875 0.2588276399589071 0.6567365284388885 
0.18309575995535765 0.33846773404202557 0.05349443232734319 0.6596475831444082 0.4314420310099477 
0.41207362045565576 0.6961416723839337 0.08577271167112432 0.4635005571014448 0.3293905386301331 
0.6613335939376935 0.023577830325225646 0.8054174871304915 0.3510217027613447 0.32590537811651055 
0.46700200925021274 0.3561217869583795 0.7344567897117659 0.7979832160546346 0.1940522766688536 
0.030801635147593154 0.2863084858592715 0.28458712718248746 0.7418318511357094 0.05849726955226231 
0.8761668725877229 0.10827141729269063 0.4000003285650895 0.5248647712774694 0.8170288085714033 
0.7614699734469936 0.04798264033938726 0.3137946026541528 0.8112551549545454 0.3672863618943638 
0.7190673148265583 0.5904221435771816 0.7649270672360459 0.6844238467783126 0.08147019378013853 
0.3348112670482377 0.527110114617262 0.270952508124953 0.04280872308363559 0.46459601842242815 
0.6372970062297012 0.6945361017518741 0.7354406797409541 0.38002274349287957 0.4996021867415624 
0.38747301584382254 0.408628351610283 0.3049654290635391 0.17971430718617243 0.24422221938398936 
0.04879264599970057 0.37930589707780715 0.8328728669112908 0.9869866456813295 0.2993858615618471 
0.4555494286911437 0.4650666628196345 0.5735467206216688 0.7451567927613993 0.717145969187721 
0.8898750516558336 0.32954973272363697 0.45220471233826876 0.44093741622665916 0.8983948321176455 
0.4540745027114551 0.8329178290421755 0.07554850615082431 0.3610387858674281 0.5081247444047184 
0.5217413735622821 0.8901705706773195 0.42692499166105535 0.48682264179458123 0.7438820125982911 
0.5682254532558999 0.6983912803922573 0.3862470797131874 0.036205910172214084 0.5821359228055405 
0.7732439081611153 0.6584594426827222 0.3286309828728795 0.6195457102039964 0.20801923509116693 
0.09641276314627123 0.5479937340564575 0.5143627319205744 0.6856536899448908 0.3403818485689146 
0.16101898659521885 0.9904970160132254 0.05521648124111134 0.4865711012307623 0.30149369678209537 
0.17543967098416213 0.7400829852363301 0.5089936250136866 0.8796110544268128 0.1081935639927033 
0.021217580228385158 0.24140511664648368 0.09053135429374015 0.555466183936332 0.9246473816309102 
0.8089218615376446 0.8411976736709893 0.19691584936589623 0.3601978220606219 0.5752938456696659 
0.0721431958546872 0.04098436644425263 0.6561868901938452 0.7697726908004989 0.5230772152732887 
0.15214294138032414 0.7538070370452589 0.47677294641948287 0.8806996828832956 0.2989686899347711 
0.5565020767389712 0.44701386146082533 0.920880993667342 0.5573883413089287 0.0315842553475304 
0.5075179590365152 0.3495299887460732 0.6819941659706754 0.35112829868991513 0.6150834891650572 
0.16016512940234306 0.6521428763765591 0.2374829454031031 0.8159346630425842 0.07127051673035678 
0.42414477346009416 0.564911948670482 0.3291475295569576 0.4024702310411351 0.1418762543556915 
0.48658439970519285 0.6426915420814121 0.44677549174240894 0.9053783450929467 0.4304555782300298 
0.351639478115243 0.45346013634111204 0.4154105861284052 0.7112570161104681 0.5107949369439558 
0.40228813807391695 0.47422097030897914 0.6040017328311826 0.8161977730669019 0.6500162043676698 
0.17901639684488369 0.21551015379690153 0.6344363390212857 0.18532130875307518 0.6366081596691832 
0.16576912368782848 0.7536647523609535 0.1487625008196648 0.9132839758822701 0.4295653039676748 
0.2854806626125922 0.5270351831286427 0.7512501391706011 0.4225168917559047 0.6873533376018072 
0.9662658893593796 0.8181416011180495 0.44424367179999136 0.6626731583404324 0.14972969333030695 
0.4348903465560524 0.5935237567364898 0.7489954567216565 0.31927054068713223 0.5264243360639308 
0.8589964802360591 0.18098554503723074 0.5387513450538145 0.3563909725809452 0.6155656543997243 
0.5882801882627038 0.9277861249912148 0.5463174195314006 0.6352592100900969 0.18328004657528352 
0.05417040656003158 0.993431795941022 0.24421846154721505 0.14343172970729967 0.5693922919738749 
0.44271680104146627 0.5120850201479487 0.3019474188152441 0.5484234105219962 0.4431992172392114 
0.013034527608885571 0.7306302681942878 0.46216747175980455 0.24283867591551545 0.8327844990050263 
0.8212773839545378 0.922967822985449 0.38012848598720095 0.3518194739220355 0.025706163017456762 
0.2504356705927617 0.012494720349708222 0.09724135777072584 0.37718390935388 0.7361970839847256 
0.43580399426535477 0.9545039489916775 0.08129442884227966 0.9287335104653374 0.3030167694709047 
0.8934503091180448 0.41284285862672687 0.8246829143845756 0.7418895533507304 0.13393934705730437 
0.895363234739481 0.812962598060531 0.12184523773143852 0.05524209797273294 0.8746892374420038 
0.2844572051739017 0.8518022251561556 0.5224066755007922 0.9369603340468199 0.33879152320977945 
0.18404294584986547 0.0991728436424717 0.8993718773167063 0.19369428927011767 0.2692644237049796 
0.30447438100853963 0.66822784585642 0.15803813288459023 0.6763190239581842 0.29235125486003744 
0.05086245912036125 0.9573139226728892 0.198816040303469 0.9521669639557087 0.1429276652332616 
0.35918462201064016 0.6478614378761584 0.484456495347391 0.8574422045910279 0.865914775940517 
0.9709415721640967 0.08765806560614986 0.9306718644101456 0.3091811982940784 0.09715115315874712 
0.8287346893173351 0.6103150747174458 0.12513514366161294 0.44237662270308153 0.37639332792401603 
0.21146792387941393 0.15515403334185562 0.3508662154358928 0.15619935459299394 0.6336598392464878 
0.6309563600345114 0.4309884832231148 0.7191255826318292 0.4835328968736735 0.2969088749130354 
0.6665399841816931 0.4353064572685309 0.38780115387727665 0.06323304397748519 0.08860320358892626 
0.7264841118668368 0.626474129770473 0.5177338467445314 0.2349281809612308 0.4390857165837342 
0.7755650196767415 0.7114438315957258 0.7719985598564874 0.3423126023311558 0.039109774704176314 
0.316705040904913 0.7143893562261959 0.7226316381498752 0.7101769726207212 0.22731383659697513 
0.5205105590694432 0.222436304678443 0.8655211843071284 0.9167783604883754 0.1713879532730257 
0.29418315703271225 0.31972471615283504 0.3738922786749689 0.1076619564525021 0.34277563436590475 
0.8774166744382692 0.840050583970251 0.028268329790505975 0.13666622902916803 0.2651411959995549 
0.5172724761014734 0.07966331586930175 0.7552764949031652 0.25612508433335823 0.02363016519552752 
0.23757225595286058 0.8521206955209257 0.05467650909078925 0.7829594888006065 0.8950599319402665 
0.6192176194717026 0.5653722694605405 0.9809978599615948 0.10034954136929763 0.22836621087123776 
0.2880863891620078 0.613291257502959 0.04442490422406642 0.6813435177236151 0.8170807732546194 
0.18788781166079338 0.6104098900257536 0.02590045475925562 0.3403825701189658 0.5047281436046757 
0.5723536956553549 0.10133006712865111 0.8269172914564453 0.674231008325186 0.8393999150730267 
0.8201812825885499 0.47761164377912835 0.6487934727115282 0.13263160096637416 0.9001614253010883 
0.15196374371852683 0.33743730514663983 0.6511811880141041 0.17163965956406857 0.38637566647978705 
0.17391094434820664 0.20075140396758606 0.38208962438494 0.49223209136875634 0.4733234126605761 
0.9077853113618708 0.5505564349300893 0.0742733801596075 0.48350660003881163 0.4815814782887813 
0.33531734487110176 0.0941655962527479 0.33739793891917125 0.43295370549469714 0.8800435726035384 
0.19975481212103285 0.253467659069746 0.7903358962843756 0.4594561727149601 0.3549826417549795 
0.40018795481139213 0.25673140213070167 0.4738834748371309 0.8203842593290226 0.8367647028325552 
0.7421714657911269 0.20392283256150046 0.36273288168561535 0.9895229132093074 0.5539433552184424 
0.3308529193018308 0.65289956092667 0.7681360327658255 0.34813384008104753 0.46361922065243955 
0.9713856130593276 0.304670228527097 0.004141402842513187 0.8117625096530966 0.21325342486305932 
0.9592958049425352 0.29101830360970093 0.8472266041663088 0.7860821639512834 0.12537258866826673 
0.3071663117258888 0.06779295426559495 0.3895719682071489 0.12063037360296014 0.854152192512356 
0.38954566302731264 0.26402220796122733 0.8565507512898713 0.08832163312253738 0.6487437507361496 
0.42427179774063395 0.8195067298544888 0.7918266445314012 0.616088234276579 0.9193319113633628 
0.22234598865998112 0.8438393218494169 0.5669991233677631 0.6408205638909006 0.5912814001361891 
0.5362317072965255 0.6707572156544177 0.30087229901333745 0.5885947039193652 0.4527826102367284 
0.12773721023594098 0.6419326358470049 0.6809829223958082 0.45791767172465847 0.7668190082350698 
0.6328617754930645 0.30062624497625956 0.04753561375598392 0.676497863131097 0.11901146727420253 
0.03762440302679615 0.35739878680873294 0.05809874413363558 0.8281703728522443 0.7546419748129333 
0.04117993548221899 0.2096112256890913 0.14569185294251907 0.20894071355034038 0.7506054346958317 
0.6768021237550967 0.8673082965495085 0.23088920139145175 0.5125037005706595 0.6180052549045421 
0.22615825655650768 0.8574609722838701 0.5076350824829607 0.3858366967005904 0.4487230577774959 
0.7146149214965032 0.7305123668766481 0.056462719643770476 0.1286361131402476 0.025969446489281456 
0.8200039499436987 0.7116429736639739 3.933401375981749E-4 0.5048035139707819 0.4252935368980577 
0.2598253068444878 0.23205292113757736 0.79957047609828 0.4101112924178071 0.8123294924665898 
0.7733241218914557 0.5081346154301691 0.45212224706999415 0.8076352532606043 0.5118998385297084 
0.3145872331789883 0.7538952604840456 0.13008761232039057 0.832579482131648 0.8204367711297643 
0.9589866920508531 0.013871427012126958 0.9284456693277354 0.7019668900785161 0.31750766319429424 
0.5639176553274035 0.15750337421117477 0.24773617693807815 0.3827461316320736 0.5435102530426399 
0.26491758501955354 0.28655804374989435 0.7934768587283769 0.3039800765871834 0.6958854691011993 
0.5114863223239388 0.4501111789785044 0.7430006583039157 0.20870875745021356 0.792597834980138 
0.38811958720576334 0.059197219802881174 0.7238525514513393 0.9479717525137349 0.509196776715278 
0.8557348011650011 0.47816751931225965 0.7876137805759585 0.7795184536196312 0.17783241123705473 
0.34581281702055144 0.9162907387601176 0.8247483687365162 0.5813164400470703 0.416181021366409 
0.6531458487559252 0.9463417323856695 0.32338945200922864 0.5338921699167104 0.3084272177914039 
0.555337519609462 0.14490895079467403 0.013494441648518207 0.34765441598802393 0.07073026963716045 
0.9069034192722131 0.5645605033214928 0.1838372256231402 0.7429899957754146 0.11161835976630985 
0.5533063111894433 0.0012040124355969795 0.06507078714533865 0.6269910694729182 0.5536650189030462 
0.6636408760003245 0.5902283033980632 0.7661864224001542 0.5526627069624883 0.27109761536090216 
0.47729649803082286 0.4455097862559467 0.24637663324061754 0.017367213261539005 0.6671461007382321 
0.46186960555260226 0.2922621024615417 0.9673674998136753 0.38683969772058 0.6856196672487289 
0.8296804909504933 0.08155984629378521 0.2521302950422001 0.6459327377817784 0.2231489287933326 
0.12628582001058908 0.021788282416981164 0.9898509477143165 0.5350811204394034 0.7351950741956962 
0.7243412221136241 0.08251510469109324 0.08279083155383138 0.39147361340284104 0.5858981950567475 
0.10225039375447587 0.10521180075437597 0.6150200994385521 0.13673293208430481 0.4469133794820024 
0.05001613699082641 0.7966977170936738 0.09904629894417838 0.6160444336149665 0.2715333167350358 
0.8768694729166109 0.5035031869702354 0.14210905114294714 0.547353050418719 0.5900288397018902 
0.4183089185448655 0.41079548394957355 0.48094378554792605 0.20499694779538447 0.8223460611532898 
0.5205940895158996 0.2727215308370575 0.2247369187152669 0.48377908312435036 0.6964858876801944 
0.20853771692759204 0.7842278631058045 0.97909187390952 0.5163530800411457 0.03173258172508786 
0.8369872932662926 0.5344087418799025 0.38971977828767157 0.2657046954790542 0.07047442317886354 
0.05957425356201107 0.7186761171074737 0.02286286714404906 0.2996484375831483 0.9441455558060288 
0.2141048990349831 0.04148287755321245 0.48795791558026247 0.18899407141478686 0.9226334739678126 
0.6811151043207945 0.6165661370309308 0.7454771861090825 0.5574606144262841 0.024563551124141214 
0.6052406011629304 0.8143768357060509 0.4360018842424571 0.04860658070732671 0.3051601749969006 
0.9004900768787786 0.6378056173628662 0.08072225242596442 0.4122097019280405 0.4215163152734853 
0.23020742866584976 0.5034427553945227 0.030872034521051583 0.5566232103468648 0.5873280869702674 
0.6161280938926148 0.6743127369458751 0.8450868825127145 0.42514069947687216 0.3933660516885098 
0.30656500871892156 0.46150156403865905 0.38694034218073725 0.6484617049268138 0.8521320204169537 
0.26522050477248404 0.19970772135941817 0.027714730130885545 0.6233071224173434 0.5932933723677957 
0.2761309157263958 0.35116903004568223 0.3862506552317274 0.022250694615094768 0.37965258683793246 
0.715008174511415 0.9608553021670143 0.6573227831488558 0.8032043552872158 0.6492687402629429 
0.2595466453576458 0.24441159156720327 0.3521420630534452 0.5306534643620203 0.12434930789011278 
0.8741794943065411 0.6446766687885233 0.7590566854744648 0.0797701188152109 0.8825296783984936 
0.17208032300315457 0.9451947459845815 0.25966358964024305 0.20003454036029156 0.040600225083045616 
0.29648806028126806 0.6574545364506075 0.19782054154477835 0.6247883898857808 0.5707768765331074 
0.5444228529086902 0.4457037199633265 0.3976996370530822 0.783711761258989 0.5508114245041381 
0.012441811930611446 0.9530417961550783 0.12718271828154026 0.48562964752272486 0.5370945042384662 
0.07573905324392416 0.6965185147093509 0.44916384021366085 0.6994309466591803 0.11996953700537494 
0.6582990074089802 0.6159076280719918 0.6742355303407382 0.8417001225772169 0.08452081951273327 
0.37823435877894496 0.7050668570946974 0.9160236166622138 0.17610047819092556 0.3304753571137201 
0.13656843821132536 0.39886979436767755 0.4854198715442761 0.48521941079717157 0.03917092233112118 
0.8715244256953519 0.18526589335471544 0.4758083238732216 0.5908419395203965 0.22011034469764224 
0.21157144444939957 0.9952169531867034 0.5728341834520725 0.04748319371278609 0.23511657818995668 
0.2507733025764869 0.6879654457535506 0.5598343728135161 0.9219395919339411 0.515251946710982 
0.1353729699416315 0.2943983024908322 0.46431717715600096 0.20606913385845016 0.5866783238473315 
0.6063799575101249 0.19556222321578143 0.8050814647042664 0.2267154600221638 0.41177371848804845 
0.18863620704440265 0.7971322079735356 0.6598314552890642 0.6310296875817908 0.3650890373586384 
0.5294770502166467 0.3882505773757797 0.5634484354764205 0.9439580389434367 0.8791938156797342 
0.6212748933056492 0.22225050701463755 0.24505259324547224 0.9816149318791555 0.37767276140558104 
0.23760429322610443 0.9774892918423342 0.24168956472076175 0.05263617577957924 0.02896951610398757 
0.08299085525099215 0.7840412462364921 0.7889830719195459 0.3547754608158622 0.32307170193620216 
0.7263932156714868 0.7573981707570607 0.5500749894217016 0.8679348383297283 0.5703112493709359 
0.770162686810074 0.09895782816119592 0.23634972228727602 0.4301986221780173 0.48884044451996045 
0.04844254061347064 0.06670395483939884 0.8786372919254002 0.20360598305020328 0.052395693693854994 
0.9796753865737573 0.14768732734434475 0.6660849655140846 0.8625516372722746 0.19740599017482274 
0.23455169548323174 0.014794119496471692 0.5009197816453812 0.44231916790987647 0.12209934073381601 
0.08181940385684672 0.49506710837613443 0.3799609856700662 0.6405242102627737 0.5987707277363589 
0.595765357604853 0.5473562494381471 0.5174490412104866 0.9295201915968233 0.5289591743731594 
0.3834050075228307 0.8512317212451358 0.5491807062278677 0.6962000632063416 0.09680871476672792 
0.05215137927047786 0.4524231258194774 0.5991093226186672 0.8411651812647292 0.45396356238127256 
0.6023696626665311 0.9897727691606336 0.5971158328249008 0.45051866357509485 0.09323989103414376 
0.9386680804598985 0.6624261802645639 0.6617457841906954 0.11437025953914182 0.5979592088125362 
0.85938926634694 0.26113551238788557 2.356528818259207E-5 0.7940486467255286 0.5224670741305426 
0.21710862752881588 0.52314987065353 0.3614636830488678 0.03731633723636418 0.020230885352264805 
0.7644691828632338 0.23027778427304035 0.18712144505157224 0.9340879798275739 0.2663524262879001 
0.5839577365826121 0.31300281083580994 0.4775343776715514 0.31150872600288626 0.5433877558675725 
0.19502083387337743 0.42443945543216965 0.20714377930883288 0.21858958758182268 0.6924459416860885 
0.4977167877575245 0.19383835517753867 0.6892709551215891 0.2476023856236822 0.2835161022701078 
