0.78194446963155 3.5828530346028047
0.78194446963155 3.5828530346028047
0.78194446963155 3.5828530346028047
0.16748244080871358 4.8729480257313496
0.16748244080871358 4.8729480257313496
0.16748244080871358 4.8729480257313496
0.16748244080871358 4.8729480257313496
0.6490331287821478 3.810806290519661
0.6490331287821478 3.810806290519661
0.5708266703672497 3.9469235163308403
0.5708266703672497 3.9469235163308403
0.5708266703672497 3.9469235163308403
0.5708266703672497 3.9469235163308403
0.21165263742054916 4.7418325477582615
0.21165263742054916 4.7418325477582615
0.21165263742054916 4.7418325477582615
0.21165263742054916 4.7418325477582615
0.21165263742054916 4.7418325477582615
0.21165263742054916 4.7418325477582615
0.21165263742054916 4.7418325477582615
0.21165263742054916 4.7418325477582615
0.21165263742054916 4.7418325477582615
0.21165263742054916 4.7418325477582615
0.1683762917153527 4.869449630035959
0.1683762917153527 4.869449630035959
0.1683762917153527 4.869449630035959
0.27359846001798926 4.573856450417268
0.27359846001798926 4.573856450417268
0.27359846001798926 4.573856450417268
0.5353055986167675 4.023693525018983
0.5353055986167675 4.023693525018983
0.5353055986167675 4.023693525018983
0.40661729108357825 4.267322984535103
0.40661729108357825 4.267322984535103
0.40661729108357825 4.267322984535103
0.40661729108357825 4.267322984535103
0.40661729108357825 4.267322984535103
0.40661729108357825 4.267322984535103
0.40661729108357825 4.267322984535103
0.6869325703799123 3.744510247582353
0.6869325703799123 3.744510247582353
0.6869325703799123 3.744510247582353
0.6869325703799123 3.744510247582353
0.2380118001463529 4.669994407074217
0.2380118001463529 4.669994407074217
0.2380118001463529 4.669994407074217
0.43908371051138523 4.209029445292183
0.43908371051138523 4.209029445292183
0.43908371051138523 4.209029445292183
0.43908371051138523 4.209029445292183
0.43908371051138523 4.209029445292183
0.43908371051138523 4.209029445292183
0.43908371051138523 4.209029445292183
0.43908371051138523 4.209029445292183
0.29088583651236916 4.533985177958587
0.36441677053896293 4.3679728450029565
0.19042842940909502 4.803866775810032
0.7632352154390923 3.6192563192731186
0.7632352154390923 3.6192563192731186
0.7632352154390923 3.6192563192731186
0.7632352154390923 3.6192563192731186
0.7632352154390923 3.6192563192731186
0.7632352154390923 3.6192563192731186
0.7632352154390923 3.6192563192731186
0.7632352154390923 3.6192563192731186
0.7632352154390923 3.6192563192731186
0.7632352154390923 3.6192563192731186
0.7632352154390923 3.6192563192731186
0.30855154247729316 4.4915264274447075
0.30855154247729316 4.4915264274447075
0.6670563365268737 3.7749917970908418
0.6670563365268737 3.7749917970908418
0.493482811779817 4.096064797292387
0.493482811779817 4.096064797292387
0.493482811779817 4.096064797292387
0.493482811779817 4.096064797292387
0.493482811779817 4.096064797292387
0.5036404712535223 4.079239648120587
0.5036404712535223 4.079239648120587
0.5036404712535223 4.079239648120587
0.5036404712535223 4.079239648120587
0.5036404712535223 4.079239648120587
0.5036404712535223 4.079239648120587
0.707686567867327 3.7091170026766056
0.707686567867327 3.7091170026766056
0.707686567867327 3.7091170026766056
0.707686567867327 3.7091170026766056
0.707686567867327 3.7091170026766056
0.707686567867327 3.7091170026766056
0.707686567867327 3.7091170026766056
0.707686567867327 3.7091170026766056
0.707686567867327 3.7091170026766056
0.707686567867327 3.7091170026766056
0.450632557922336 4.185345365231286
0.450632557922336 4.185345365231286
0.450632557922336 4.185345365231286
0.7461378114098682 3.6451993661029953
0.39531811768877767 4.300640594043546
0.39531811768877767 4.300640594043546
0.7340020713745036 3.6669917994403898
