1,0000000000 0,0147223045
0,0000000000 1,0297482905
0,9027019269 0,0701140075
0,3810287023 0,4104659572
0,8697395034 0,0857111278
0,4141927175 0,3825516767
0,8297322122 0,1307649604
0,0279490497 0,8710350113
0,0063935140 0,9611795019
0,3416192624 0,4410232926
0,1408759225 0,6758422066
0,1851725433 0,6229718624
0,7739464678 0,1501152338
0,0379567945 0,8505817074
0,0098155063 0,9427289609
0,1707246578 0,6312905784
0,2730542482 0,5241408440
0,2189324652 0,5767912350
0,3302932684 0,4528175378
0,1330429049 0,6985526590
0,3204422705 0,4653376730
0,6110044617 0,2510631620
0,4824826024 0,3331274792
0,2500211285 0,5358475124
0,8074850430 0,1340745494
0,5162281606 0,3062587425
0,0034752377 0,9867325881
0,3652499839 0,4222139489
0,7888182529 0,1468678585
0,1073604737 0,7149112082
0,4516730988 0,3546892829
0,3088824589 0,4762549602
0,8466076532 0,0998653498
0,8878423385 0,0779705844
0,4338969157 0,3633331400
0,6928056200 0,2068425905
0,2083508412 0,5870307001
0,5543502740 0,2873661197
0,0813723280 0,7447066887
0,3003559956 0,4888988625
0,3574155604 0,4307088699
0,7099581644 0,1866001235
0,0777177925 0,7601308493
0,1202788240 0,7001990259
0,2392332706 0,5490417289
0,7473049881 0,1596856105
0,6571957663 0,2193159202
0,2840136740 0,5024797976
0,0705088005 0,7763097020
0,1419501973 0,6581709280
0,0988352579 0,7387244541
0,0485089610 0,8219839074
0,5338963117 0,3019734176
0,9601167741 0,0379370508
0,6215243642 0,2413060475
0,0400511813 0,8344618274
0,4237809386 0,3699825078
0,5762703597 0,2721157461
0,5083199729 0,3204561964
0,6328513916 0,2240111268
0,4961817383 0,3249658930
0,6949722393 0,1899600118
0,8534937933 0,0973519610
0,5747580396 0,2829288485
0,1893666321 0,6009702534
0,7462859595 0,1635173548
0,6701093925 0,2082784198
0,0118233160 0,9184610987
0,0518464805 0,8066486170
0,7220276070 0,1706739514
0,4692455939 0,3424047171
0,5449971558 0,2956863893
0,2605871556 0,5260002328
0,1650911645 0,6504558560
0,3969695927 0,3969272489
0,0176060366 0,9140905684
0,1941073278 0,5946756437
0,0196272657 0,8928148284
0,0602393771 0,7979879947
0,0993575221 0,7229763016
0,0640312444 0,7864562651
0,5937762417 0,2630333383
0,9937602720 0,0219031691
0,1587601715 0,6538177247
0,2302558605 0,5626092884
0,0009884557 1,0000663816
0,0213613425 0,8850296278
0,2908977402 0,5008310689
0,4679637482 0,3539132345
0,3954406236 0,3976933133
0,5943758939 0,2585522247
0,9332548186 0,0684803680
0,6294472046 0,2301161952
0,9753610614 0,0331135364
0,7218488601 0,1746046000
0,0003632578 1,0138008464
0,6656939998 0,2159037232
0,9389659206 0,0492128719
0,9792710870 0,0286500940
0,2331751955 0,5603615154
