1,0000000000 0,0019840641
0,0000000000 1,0033720141
0,6369765134 0,2044235968
0,5964837063 0,2356541752
0,1470962442 0,6247556492
0,8920758844 0,0610318694
0,3355467853 0,4274260937
0,7913383116 0,1171544206
0,0007537476 0,9788428416
0,2095905937 0,5504249429
0,3459697285 0,4185565571
0,5842457457 0,2435087269
0,1228486674 0,6628616451
0,4062746899 0,3662862024
0,5483847060 0,2644959009
0,1788285815 0,5841681606
0,5675770263 0,2542378154
0,4530679740 0,3340774129
0,8416777387 0,0871382643
0,9074617861 0,0512537610
0,3857598638 0,3884800132
0,7741429525 0,1248143184
0,6989277517 0,1704928745
0,6141878443 0,2235926438
0,8775587223 0,0704924282
0,5304204589 0,2815740999
0,2894473749 0,4670369029
0,0652134973 0,7537607941
0,8262425644 0,0971970336
0,7186099621 0,1584728614
0,3055366509 0,4593423721
0,9405690573 0,0342695995
0,7418273544 0,1470216157
0,0389122095 0,8119534886
0,2805742420 0,4781434266
0,2213104077 0,5374589265
0,6828667648 0,1834582450
0,3925171608 0,3784901020
0,3194914571 0,4408804995
0,9688933541 0,0189766699
0,6216397133 0,2162550368
0,0737753575 0,7351489955
0,3672159534 0,3982403262
0,1901031248 0,5684936033
0,3614571336 0,4058045133
0,4816565986 0,3156372828
0,9546260056 0,0274378595
0,4179959709 0,3576356132
0,0227750118 0,8547281924
0,6578935484 0,1936542533
0,4627194977 0,3234759035
0,1152586568 0,6742055846
0,2640742212 0,4922373344
0,1342786041 0,6461980152
0,5066557960 0,2979812067
0,0296320345 0,8371024852
0,1703060984 0,5948116188
0,0463281601 0,7883211409
0,0790277152 0,7258379767
0,4356709817 0,3452844897
0,1037071668 0,6836368146
0,0876710417 0,7110883806
0,1976187426 0,5613764221
0,0962727724 0,7055136890
0,5253330659 0,2881640544
0,8078374140 0,1098885322
0,2460606459 0,5227171128
0,0153182042 0,8823123718
0,0031627205 0,9541043609
0,0186723705 0,8708959086
0,7257664342 0,1539319682
0,7626416644 0,1334773483
0,7536302544 0,1389622331
0,1384609681 0,6392286788
0,1601308298 0,6114025337
0,0060651144 0,9284488261
0,2531941732 0,5043573316
0,4883693877 0,3076086317
0,8612542159 0,0747513170
0,3146212524 0,4490898379
0,0108735254 0,9107605599
0,8566646785 0,0821610466
0,8139727715 0,1030526510
0,9254469218 0,0413163675
0,4345281563 0,3533510583
0,0570975643 0,7716864940
0,5571208140 0,2621074531
0,6914332399 0,1760630979
0,0049116794 0,9383370102
0,9202281101 0,0441104089
0,5016314015 0,3029731946
0,1609807063 0,6045998541
0,2302713580 0,5283583766
0,0594887177 0,7645828449
0,0278834286 0,8393589942
0,0405410212 0,8052232313
0,0120377091 0,9023191319
0,2352621825 0,5249638891
0,9863846213 0,0098553290
0,6637225840 0,1914984645
