1,0000000000 0,0000000000
1,0000000000 0,0000000000
0,0000000000 1,0000000000
0,0000000000 1,0000000000
0,0174120092 0,8681270539
0,0963241399 0,6898131730
0,6915798211 0,1690444618
0,5578449113 0,2563286781
0,0581224770 0,7594181161
0,0121983778 0,8922102982
0,0875929785 0,7066575103
0,0792194630 0,7196554954
0,5415407741 0,2674946607
0,0242065760 0,8457802391
0,6391319775 0,2032846429
0,8615752338 0,0722329226
0,7944004578 0,1093592857
0,1080632110 0,6725833287
0,3507146653 0,4084378917
0,2726751119 0,4811253855
0,7481869655 0,1383558494
0,3853862043 0,3849858625
0,2078920770 0,5476861520
0,5220997159 0,2810317555
0,5018105678 0,2917172538
0,2430468934 0,5106058098
0,9323097758 0,0351720435
0,6749361673 0,1802671097
0,1866995816 0,5696397492
0,4292768018 0,3475760231
0,3984057531 0,3711419114
0,4831362298 0,3053392430
0,0333066865 0,8180971514
0,8436476046 0,0814970851
0,1586282595 0,6044293863
0,1960858459 0,5601030576
0,0509758579 0,7768846507
0,1423951385 0,6281866123
0,2161482990 0,5350824815
0,4440594764 0,3351725600
0,6538572134 0,1924328211
0,1320513269 0,6382137631
0,8343504077 0,0883713439
0,9577087619 0,0221176574
0,7716117239 0,1227215876
0,1240735152 0,6519121178
0,5799851805 0,2390861614
0,0399908042 0,8006287772
0,2808601211 0,4714303573
0,0020036300 0,9567767819
0,1502744169 0,6134585793
0,7096290409 0,1582769333
0,3729954230 0,3911076733
0,3619439519 0,4012839057
0,7566234183 0,1301589695
0,9451635144 0,0286245070
0,3218693288 0,4394540316
0,9046839295 0,0495597753
0,5985026959 0,2291431106
0,4653831005 0,3187120304
0,1694884115 0,5894809012
0,4079611495 0,3638469320
0,0041535659 0,9355518357
0,8895510648 0,0597853583
0,4200058820 0,3549840458
0,3106536556 0,4434555829
0,0089725328 0,9067374774
0,1767364038 0,5846767198
0,0704217097 0,7361801745
0,0281464814 0,8322308686
0,3380147527 0,4231969430
0,1152029031 0,6627658768
0,5690596813 0,2462715672
0,7844252694 0,1163889000
0,6214018003 0,2166774457
0,2930475306 0,4612051459
0,0661630614 0,7435750459
0,8136964279 0,0995500127
0,8796545564 0,0621674368
0,6049403978 0,2256827192
0,3002432875 0,4550375598
0,0451031501 0,7894430281
0,2583614283 0,4947488770
0,9727225334 0,0146001512
0,0060356361 0,9231079584
0,6644159402 0,1860071202
0,5297680646 0,2749389913
0,3344137956 0,4288273831
0,4951167125 0,2987193470
0,8177635718 0,0972581219
0,9129625768 0,0448103152
0,2277437333 0,5247254264
0,2535891334 0,4966633065
0,7283010529 0,1475692568
0,6279513458 0,2129156316
0,4520453318 0,3276568348
0,2323029170 0,5197042742
0,7267545866 0,1480700771
0,9197079560 0,0430846049
0,7084541085 0,1631720963
