0,1699857699 0,9462007649
0,6462124841 0,4882330423
0,1955568924 0,8945722576
0,1611751079 1,0020925021
0,7917948644 0,3393573221
0,1640378799 0,9712972716
0,1454958754 1,0048769394
0,6173962198 0,5122136095
0,9536613823 0,2847572760
0,7769219022 0,3398026588
0,8874688661 0,3056729545
0,4368213314 0,6413524232
0,9760958197 0,2130837246
0,0112405943 1,2618318882
0,9174517828 0,2875839902
0,0225982439 1,2580779304
0,7160381709 0,4007624941
0,9977671783 0,1731662672
0,1893299832 0,9319565852
0,7567388694 0,3728781121
0,4202677217 0,6895559720
0,9959175415 0,1874126568
0,6483690951 0,4681871827
0,8747856305 0,3099141410
0,5699108399 0,5507998620
0,1040319263 1,0426964325
0,4885286226 0,5903552073
0,0000000000 1,4032140161
0,4399934447 0,6255435677
0,2055857941 0,8254545433
0,5208670014 0,5529983572
0,0548178422 1,2156403367
0,9858693033 0,2047092598
0,9586618166 0,2530866123
0,1945359294 0,9303401321
0,9034420936 0,3036864786
0,3005047479 0,7442845519
0,4518517888 0,5942346574
0,4434673450 0,6092285883
0,9699390650 0,2260238991
0,0680239611 1,0647170150
0,8968588467 0,3050381466
0,6304745750 0,5017937328
