0.017472487891010535	1.6066654113719085	0.1351710749052924	0.7720800906130483	1.0	0.01105821322700416	0.9996262619559129	0.0048865512427629055
0.1343922726487607	1.397930402166111	0.11803136157991677	0.806193274839329	0.0	1.0285890773736688	0.0	1.0092343862937228
0.9076460730608072	0.5100697652155622	0.6939321266283466	0.26236024798632496	0.33148103277597396	0.46905146356431365	0.0011080579092981784	0.9813268742126828
0.5364250224806375	0.8180472780092152	0.12512604880411415	0.7924099863315923	0.082446871564632	0.7464564704036029	0.03138360708596708	0.8350192337138904
0.19671916354957542	1.2254243564215113	0.6879976347325004	0.27471524038510015	0.844420356488336	0.10679052502391607	0.72108443612952	0.16565348622045462
0.7892505709829908	0.6012671085301468	0.6693489574930679	0.2943573574574865	0.09411275040393698	0.7226881868406753	0.7019783519485777	0.1715393145736819
0.08053134723547142	1.5228901540157482	0.6441001359538253	0.3153180655004559	0.4790070230772507	0.3240445265618267	0.088276012971787	0.7131236263636516
0.14387340582605743	1.3130641921979613	0.6489768146987162	0.30951677918405535	0.16106215817018252	0.630261284961258	0.09696397819264828	0.6998040332016134
0.026501386032305382	1.5930356602645293	0.8443841858954677	0.16105048653866502	0.523879661019265	0.3022221109556069	0.003441972541289964	0.9569809427709765
0.07912334117317366	1.5381293593234138	0.8023780998676253	0.1764156808333191	0.9795901790064725	0.02279324724104794	0.3009324713620176	0.46523577450794396
0.870294364774826	0.6007245715308772	0.07332296831805829	0.8558152439474904	0.7846004094886502	0.13985045439691193	0.20260625761053042	0.5629081059507703
0.08348853347120021	1.4820403844718353	0.031222942822441896	0.9403572937549176	0.6641957910218149	0.20870796424991858	0.1894356525855699	0.5744203818722433
0.8718954809879754	0.5182036998719755	0.6949789790473679	0.2515733733340078	0.2780343349858455	0.5040623931734228	0.8429041348345009	0.08897520730850261
0.2144642182731317	1.0918316939711132	0.5863940129453636	0.3443015890236961	0.5287614151031635	0.28498790087470216	0.13908166873047043	0.641194109849157
0.0	1.7652678861633557	0.7229186196112697	0.25008464959162907	0.8206356236464779	0.11217622436379773	0.054342995353738766	0.7776050492214334
0.4858001608195205	0.8576325708050249	0.03812914139048215	0.9148257736226171	0.8648569892529946	0.08485436585327068	0.3146453744350801	0.4498273689704102
0.9688181915821961	0.4191812101478982	0.19991739607423362	0.6564173768138235	0.3724339825082855	0.4256091226345602	0.00624707241102897	0.9353989776855753
0.6591635586550322	0.6267377638954783	0.19509050018649182	0.6639415780568244	0.24937218173604833	0.5237362931136303	0.3480210135381563	0.4219529580948667
0.45122483101454725	0.9294255341554392	0.4685130497968911	0.406324773842875	0.12476038102523958	0.6752610421789355	0.45774964852965677	0.33607760878260445
0.30394222239852864	1.0191565935347286	0.8365346916942604	0.16366422207156947	0.17411058954630293	0.6143066763686149	0.06611963572851837	0.75918876069609
0.9894641380972135	0.4116133761871747	0.1638700476987177	0.7067129706312301	0.8899221133469472	0.07578009855871437	0.7355712779718185	0.15311701049414808
0.5889396122883758	0.6828233688933801	0.5493506100732917	0.3514864126796976	0.24244629106747392	0.5426907815080741	0.8274991645525566	0.09819335329978883
0.08382175431165165	1.4540417915332389	0.29655799400535066	0.5300868528548409	0.6262220620157415	0.23629876571210312	0.28850737173803886	0.47332836680082346
0.9442748782602262	0.5100697201192073	0.5193198442402402	0.35161794646465927	0.3413632910029178	0.44664135321979126	0.3802373393893344	0.3961661303212499
0.9610827640805271	0.4772555907201715	0.21904397696095196	0.6076372642999132	0.7720366083639955	0.14537585866611216	0.8829231288737002	0.06785853593877543
0.5310658771230314	0.8496187902148288	0.5042386647282523	0.3720627661246606	0.8062117158634732	0.1294044658851962	0.6848561156318556	0.18129355207280892
0.032290661631057246	1.5382984232585832	0.5101205992581396	0.3642364925912901	0.03188586895104824	0.8534500225310702	0.3386789506435905	0.43138742082346815
0.39514277453510627	0.9804159840742878	0.002201805480856283	1.0612317263042823	0.056749788922321395	0.7934072684837462	0.6267488456532401	0.22515249150963373
0.5476691446857215	0.7668695686296128	0.1646814948039324	0.6882663233104174	0.31267733626186195	0.4772199435204242	0.5107496882182112	0.2984583283557447
0.030632635204537514	1.575388647040042	0.04645198188828566	0.8972002747885509	0.22078786988473603	0.5663793296288973	0.6783912485977364	0.19121350089411612
0.786118026625584	0.6016363922986679	0.414602538940521	0.45221467049318087	0.04004995970832005	0.8338353445083649	0.262096515954704	0.5013454345349796
0.00868432079403135	1.7183813024782744	0.026422279862177468	0.9540685006076333	0.5013147757142711	0.30960554602065954	0.12742433438200215	0.6555471905189395
0.6389221607697452	0.6677311448213079	0.15764272143376276	0.7270706793699876	0.004183927729390181	0.9758714588649	0.21311813750575218	0.5485340804808969
0.7553107787894405	0.6254681605346959	0.30158484902358357	0.5255478023212714	0.7249613640391195	0.1730470528530208	0.32524619814124495	0.4423068966064758
		0.13497229630600704	0.7821695653898348	0.8569801099791595	0.09057767568506853	0.07710699215350286	0.7317367544654146
		0.2458109830033685	0.5706748196288416	0.013379129697828795	0.9211780197914127	0.15619189364161704	0.6161744991503803
		0.2935058550982668	0.540600864022334	0.7279168955481258	0.16782671064536586	0.14728399314268883	0.6270655549750932
		0.0040418626319228225	1.041441246713029	0.050818101182729024	0.8089752441653316	0.165702285587373	0.6031567037151752
		0.9381632624290551	0.09446649808708268	0.2686606313811114	0.5171562430419987	0.7655234238677447	0.13171080909440863
		0.3320719819175552	0.5160677692872194	0.7561276383386616	0.16242019455791237	0.2322064210523581	0.5319184853830377
		0.2907430207038106	0.5481697791145962	0.10328499705968716	0.7091185566196591	0.6446455995560607	0.22364838039413337
		0.12638026079423245	0.7908598809804778	0.7045595362067578	0.1868398511254346	0.8164368578999989	0.10641863907711983
		0.17749917910714186	0.667014411918201	0.6797057327867474	0.20710405844897117	0.6144173899483168	0.23649590406052404
		5.581792087095774E-4	1.0834872195047827	0.36630156434790384	0.4386898433349781	0.9470323603627813	0.03430069376878969
		0.41927007092060814	0.4350298496356104	0.3827199551878349	0.40748592301379105	0.899445872965671	0.05860031932331566
		0.9901726921434891	0.05775073897542004	0.9654633987959134	0.036378332980936595	0.9325004459716478	0.040106708977056656
		0.4877897109587914	0.3760179786867004	0.6132826728910953	0.2404988507128351	0.04538802166129114	0.8022395018904477
		0.09825075398833653	0.8190899374023711	0.6949067656266391	0.19940979055512564	0.025538883715219958	0.8522084342503735
		0.6078120645083647	0.33011933100883667	0.45774964852965677	0.33607760878260445	0.6003611828755814	0.2402291610471975
		0.8490059412457021	0.15859448160443834	0.9166715684001038	0.06592763861198422	0.10848472719463996	0.6823176848104572
		0.005621311339605896	1.0336004908945677	0.1063025160654411	0.6943181883983276	0.40726145507981953	0.3720981988338309
		0.2184136462181637	0.6164042130490249	0.6467972770416471	0.22423834858907135	0.015526900610353892	0.885410445482633
		0.2378098368183674	0.5939691251037301	0.006013564847069025	0.9485507330785674	0.80196869697623	0.11414334650628707
		0.010306435694268569	1.011782008567888	0.29222164198099226	0.4907656994798555	0.07318914285243353	0.7404403679742629
		0.23299040121527276	0.5960211116221436	0.11878253238874442	0.6859823903714312	0.24375301649561829	0.519846898307589
		0.3951832690655358	0.4620175631988524	0.18965631368848154	0.5937789819123853	0.6619984834712438	0.2011229831693002
		0.7330338361738303	0.23100811237491775	0.49131735278103444	0.3123947655133259	0.78879445158645	0.12770631987194872
		0.0	1.105984069535889	0.8960665336873589	0.07077485078647533	0.8661550385441447	0.07755738044457139
		0.20947678574342454	0.6286158471392226	0.02487119757485596	0.8753551336735688	0.4290670441479702	0.35803692082816674
		0.011171941279133533	0.9728803763142836	0.04389811221269722	0.8220907230619928	0.2512872008846843	0.5131087833167611
		0.07404328171201326	0.8252433983158838	0.43861460207862885	0.36228494732652455	0.7461224141220584	0.14649346300657837
		0.7996012694720235	0.18886866589204562	0.553231091029795	0.2823165669380704	0.3632305638609749	0.409366151950329
		0.13899298306885438	0.7423734681358688	0.584567176008531	0.2663552483784921	0.49131735278103444	0.3123947655133259
		0.9589336308580784	0.09414737363624787	0.9311154415178712	0.05620611532966618	0.009397115649131968	0.9156175013800654
		0.37685061235502254	0.4760539979163223	0.9445540778044677	0.04541096795172524	0.011520718197342104	0.9041709192998376
		0.3292855276670439	0.5203250024536191	0.5689664355569535	0.2740029171398298	0.588887271095408	0.2506800783347995
		0.9044454947009996	0.13007743336772973	0.017267492994480712	0.9013124395430604	0.02034724078031082	0.8719821114661922
		0.9109567483051092	0.09783291423975427	0.02113953961432108	0.8953194196582374	0.41735254962383506	0.3631955293449231
		0.9850159392057645	0.06405068675911803	0.0019953036004636384	0.9872817213046917	0.2222344197915975	0.5399379254671797
		0.9604876200831273	0.06871928589748107	9.544112927874266E-4	1.0063264838697141	0.12266551272860553	0.6674313048598098
		0.3943093285022508	0.47528192362401694	0.34968254425168943	0.44277755407599423	0.8603901233805626	0.08262566988637629
		0.33218984896246645	0.4997921490984067	0.7565735691081366	0.15608427395085772	0.2780765106120485	0.4861809729311756
		0.9969427429971884	0.04751346705345834	0.5989067709999518	0.25214317733649133	0.7595374535888348	0.14031543438370786
		0.7406256383837534	0.19512876831354148	0.6439774541761681	0.2265664406410619	0.9853385707716671	0.01308319498790973
		0.8596411162254403	0.1324869410917374	0.07025101087983515	0.7845976587197696	0.4992947882030196	0.3076098466700015
		0.052830735070105835	0.8815645901394309	0.8098922758117789	0.12116111349040404	0.4732820964528184	0.3276588930613513
		0.680135006488881	0.2795526869673389	0.2245877826657271	0.559686914081782	0.4790070230772507	0.3240445265618267
		0.9879516599844833	0.060357696732823846	0.3891502272298533	0.4027112731406994	0.1791588657480109	0.5887949041091697
		0.851961830914359	0.13354178483180734	0.40821494356962057	0.3930476706470215	0.9208628141142048	0.04866142793458975
		0.33152830960640567	0.5189138170293686	0.3009472627017439	0.48952428954351623	0.6541595227881545	0.20482742387342873
		0.466303655748794	0.4086008189841284	0.4043379913481755	0.398303063251281	0.5812835558572237	0.2573349551639877
		0.9877781902979237	0.06226532566278173	0.02960626903387375	0.8675470203250119	0.5587289984572628	0.2660816570769219
		0.9907683635825654	0.05731667495515537	0.009197281566466545	0.9425510958255002	0.5244875830386163	0.2899569635013154
		0.3707251281117876	0.4905143015332392	0.9537537658878077	0.044985537811574175	0.910742674602144	0.05057827342954621
				0.07051627505498352	0.7751436374699352	0.5685664433613429	0.2622415373772105
				0.197325473071652	0.5807426048085572	0.9622066992536256	0.026023379818279704
				0.6003478369691918	0.2494024314654119	0.2706957973844293	0.4898372898422914
				0.42891362024816865	0.37510665518238484	0.04895568240033076	0.7932203479042661
				0.45318118732120605	0.3523772822011276	0.5420318888769493	0.27793866348982654
				0.13797087474442804	0.6595048265569208	0.39457819196429494	0.3881056240923299
				0.557938504398607	0.27943857184763393	0.4459974236939101	0.34485623039740004
				0.448566092787559	0.35730775172288876	0.3694707138659137	0.4066351663365317
				0.5805440929291045	0.26842793433979845	0.4428168179082249	0.3517033781084248
				0.6990632337677327	0.1874525522773741	0.5287614151031635	0.28498790087470216
				0.4557635886615785	0.3395090654136031	0.1134604885333007	0.6766458358802042
				0.19726069936601387	0.5834300282264939	0.39502346003117467	0.3800194335606572
				0.07619165918636528	0.7645792491567996	0.5472543758589861	0.27256097363416587
				0.9241345438736976	0.06032877690307875	0.1767568853449904	0.5946428882812239
				0.4140462261361104	0.38840643712650974	0.7928320295134789	0.12137831193171224
				0.20372517143525082	0.5771972061618683	0.9746112572854142	0.01886776899453481
