0,1634217446 0,7003436035
0,3831882772 0,4846304974
0,3748725167 0,5009478020
0,9679792901 0,0869692165
0,5960637343 0,3510022012
0,8782809317 0,1502894130
0,2642509807 0,6287778943
0,5515512562 0,3530968960
0,1497196615 0,7420088572
0,8605939693 0,1594667333
0,1499739801 0,7101644430
0,9270531675 0,1288643479
0,4236552533 0,4611561835
0,9391745066 0,1171093339
0,9839376441 0,0720965796
0,7925841860 0,2105931330
0,4844007423 0,4025609604
0,8224013242 0,1913792123
0,0135889390 1,0267219018
0,3448401932 0,5227601667
0,4662569151 0,4168711368
0,8516130968 0,1782190370
0,8386107350 0,1805555807
0,5968747873 0,3401095187
0,4571232344 0,4415117883
0,5262849931 0,3711027187
0,5065176386 0,3894000423
0,9051611848 0,1353877345
0,3330283777 0,5391534900
0,4379596654 0,4420595497
0,5182106657 0,3824138485
0,4886783257 0,3919649903
0,5370984511 0,3603869324
0,0163368364 1,0085615562
0,1259570828 0,7703486452
0,4640572422 0,4258127290
0,0195267958 0,9965840217
0,0444186628 0,9096905463
0,6473243810 0,2922410127
0,7689057624 0,2156374049
0,8167826678 0,2047828358
0,8079255351 0,2081158783
0,7240604051 0,2399880261
0,0367899056 0,9765870805
0,6952497734 0,2552062433
0,3430169765 0,5272491861
0,3603006774 0,5150759791
0,4201904959 0,4812888138
0,2241961189 0,6744827282
0,7032580994 0,2477721270
0,5440435364 0,3535601345
0,1242640555 0,7758139202
0,0217640601 0,9800994702
0,4371769643 0,4597696946
0,7620115854 0,2220180632
0,0223940306 0,9793358277
0,4367433456 0,4607717958
0,7671521462 0,2159308906
0,4215440641 0,4724874058
0,9367421936 0,1197430673
0,1653668983 0,6921766477
0,7334659893 0,2269939666
0,3036032657 0,5599356798
0,0917184847 0,7854033995
0,1324026578 0,7607868937
0,0065262989 1,0556240877
0,0043148510 1,0622599645
0,3110387752 0,5413600540
0,9647447140 0,0912821158
0,0067852256 1,0394240519
0,0393179622 0,9708827142
0,6810821817 0,2841516015
0,8909948750 0,1377299870
0,2744443964 0,6091543392
0,0522389217 0,8968170881
0,0768265555 0,8209256508
0,0345936595 0,9773265194
0,6071915844 0,2951715039
0,0014371139 1,0850565459
0,2766629866 0,5847889286
0,2755833067 0,5852975754
0,9517737160 0,0936198239
0,1822926287 0,6836694642
0,2249002250 0,6503876695
0,0640909271 0,8419815835
0,0000000000 1,1151531461
0,0572936927 0,8772968865
0,1378339307 0,7463848927
1,0000000000 0,0628110333
0,0597058072 0,8676798867
0,0599385715 0,8568881111
0,0891366984 0,8087122377
0,0001103135 1,1043098370
0,0430111499 0,9268060872
0,0226002730 0,9790538313
0,0418301799 0,9285637286
