0.47645681940480183	0.5694085051129435	1.0	0.007419970080753107	1.0	0.004895212595987188	1.0	0.0017430989857350214
0.25308954512201143	0.7305719119317253	0.0	1.0184600167005828	0.0	1.0136352412130942	0.0	1.0026169301784489
0.33934394680119956	0.6570420940166941	0.8529732045470688	0.08794228281987675	0.5019909731064346	0.30518077190104054	0.09484642717702368	0.6995840245244982
0.33541351614121584	0.6908420729660213	0.6134322162961042	0.24525887541898034	0.6255902791286081	0.2286146037637807	0.5430800685798988	0.27046285865646247
0.8129306093804611	0.2793650409951125	0.7442998273356376	0.15504816467501195	0.11061459650081082	0.6812378533891343	0.513301037914668	0.28864987499417294
0.48075517748683894	0.535413304319668	0.4257606183098612	0.3890594546278686	8.867774809457859E-4	0.9907852964048413	0.25339016406108106	0.5012816743444231
0.3720051094897311	0.6108443006236127	0.3448783465222285	0.44880364858388105	0.5170099213683369	0.2902738062226147	0.47957996297356653	0.3134684470276664
0.24865590102863655	0.7460679280177283	0.5585515891505832	0.276104639934871	0.0026112432875890624	0.9629954814986398	0.3687663247197035	0.3982545507346282
0.02617604368132422	1.2083748060678492	0.1704408625073071	0.6242749314063922	0.3566926041943985	0.42418922941026105	0.8816206150908124	0.06380799734117083
0.9680072009238775	0.20169502203949202	0.023809625147612083	0.8772014939847793	0.22967469044771938	0.5371188446736291	0.329423783800252	0.43683551210185423
0.9610791861305507	0.20632905812251254	0.6696749517649532	0.19629638729868396	0.530606118090552	0.2816896191537796	0.9579401038602339	0.024615699456431987
0.5734328414386121	0.46350817798286487	0.12473793616061907	0.6685755100914432	0.7418054301651344	0.15149615020019405	0.00430309398213445	0.9414114566196955
0.6807549037781937	0.34584015783093286	0.10313903869128749	0.71251536960092	0.10228376858884047	0.6988202955626244	0.24121175559129818	0.5159423581937296
0.7363495242585097	0.30735499604716704	0.01700584582525596	0.8984493077453513	0.4426890721868947	0.34403696361179953	0.057287884766571234	0.7646770860539887
0.6400943235910641	0.4586194471112663	0.3294224281908632	0.4603806374781108	0.6814671153606979	0.19206108883481057	0.1358421534031517	0.638832189093713
0.5519736664200644	0.4961609668653247	0.5871924899101423	0.2519393741668396	0.87379441573115	0.07945671229764753	0.030283449508619786	0.8347284640518319
0.3962800280602812	0.6052377347727358	0.9256097271556402	0.06569940414830808	0.9338923877575721	0.045080664120989516	0.17726020449976665	0.5829291068354284
0.3040870048963158	0.7100325304793554	0.26541593732916174	0.5204034273508943	0.16085117328608148	0.6181614873157756	0.4016143299520533	0.3722134767460729
0.5533507062260518	0.4874650235130238	0.015028871008907697	0.9204163361052846	0.6417252901775425	0.21090108400863303	0.5628711458344221	0.25659834374841345
0.031220041643602196	1.1257847869933	0.35816091177437936	0.4335093001877183	0.47461533652864296	0.329397283940368	0.1208541281191857	0.6577352176905973
0.64328658409893	0.3647287304719608	0.318339783547563	0.47405927667181785	0.5784498462546277	0.25093847184285706	0.6589531354562176	0.19293963981536005
0.17525402076008048	0.8323373731252312	0.15521541159237762	0.6359117446740105	0.5921608961465457	0.2380321407504564	0.18886300359660352	0.5749727348683281
0.9381487094109149	0.2101003891865075	0.037185882793439894	0.8322688986038549	0.1240784407723951	0.664924002130168	0.06783143930385133	0.7458967563441792
0.05706531937343298	1.0085075397487964	0.25593067051221874	0.5363101329646037	0.21621643657173	0.5508305896427554	0.9186883385965757	0.047201060204696964
0.676118590164283	0.36431003142517043	0.5389756055237035	0.31184718819366175	0.565566749636017	0.25889796678492744	0.023346907598834073	0.8538441677341744
0.04414540037755316	1.08332527256907	0.18351108458665658	0.5999967592084984	0.46087028040691524	0.3407241207779493	0.20033743887434252	0.5623653295698027
0.5083292686088955	0.5066587541642109	0.7323984206554373	0.1723546826819473	0.7947385904651239	0.12176040050226214	0.7450368444462548	0.14166004532836557
0.9704948861561469	0.11917874563378487	0.8957516305265664	0.06861750475355825	0.30841964820312606	0.46115527410870744	0.008024635091637495	0.9196238186491054
0.0999347704276022	0.8844683525267482	0.09977806903396186	0.7255233120467178	0.17748987541888744	0.5917503581738807	0.3840749882234819	0.3882849800011269
0.21343723849238522	0.7582175131459042	0.4292903698149928	0.3654509984915891	0.06725605123168678	0.7554878691445429	0.3052092328998464	0.4537746498033298
0.0	1.2527982556064905	0.5130699230900769	0.32175605081643827	0.7624711253189298	0.14405938150967074	0.2793454541806193	0.4774523485513701
0.09446099074287516	0.9747586764797834	0.6300666692068358	0.2303424730494803	0.1508356956743625	0.6337315709137721	0.014690950774094328	0.8821310623484662
0.1386093712931693	0.8385714282752729	0.7624711253189298	0.14405938150967074	0.6696749517649532	0.19629638729868396	0.6311899129723224	0.21145039938686463
0.8401121641252625	0.23380275721591512	0.6593717015726438	0.2135401033774391	0.24598937984839467	0.5203869034129085	0.3128331437837927	0.44534668807865513
0.7934459567028807	0.28949739964737103	0.39933417276102046	0.3912239918364217	0.41168701154744586	0.374404369747756	0.8570485692733005	0.07818460095758076
0.3088180076499668	0.7067099933780557	0.938684058569884	0.046754706892656206	0.9448492753980611	0.03817026602387021	0.04135059916737042	0.8051324295138589
0.9957717861491316	0.11895548797791092	0.04519330669903877	0.8261711660468108	0.16980361915266273	0.6043081490407037	0.16597243899541378	0.5972204137750834
0.04521202273878278	1.0332274066565033	0.3057232632614418	0.48268812559190816	0.6096672996921346	0.23494392318339324	0.03528442756371993	0.8203471562129409
0.039522685944544944	1.1169557618434496	0.9806525001850038	0.019737142906629753	0.6558692519419486	0.21084265006039887	0.8101790252345092	0.10292575301467213
0.7121659023161088	0.31646957363074674	0.4973257643142159	0.33323931578941945	0.026151959871554355	0.8616324548590891	0.1085235934403149	0.6763707555082087
		0.37888399399431627	0.4188463758303991	0.19525987333635295	0.5844482221006874	0.7992191671183786	0.11016959348505025
		0.008300368357633576	0.9385492118006857	0.48763551832683066	0.31853345625309915	0.9330396546566918	0.03749541569899176
		0.1384100853869397	0.6535428992266042	0.3921116673279215	0.3903014468209449	0.4964208000403433	0.3019917548879008
		0.27900647937114537	0.5106987188502478	0.721396328779286	0.16666389039813626	0.28815029477267584	0.4693383277482266
		0.30556344625564585	0.501994095618757	0.2896809206859384	0.4788329409573732	0.08334086416752323	0.7169974286396433
		0.8161091607440422	0.12561663790461913	0.6974211366030156	0.17510506474100554	0.4399767736094693	0.3446222439764941
		0.2154299389971015	0.5889836852594956	0.27503285709009123	0.4982156413071975	0.7003295681234906	0.17054120946715196
		0.6907790047934111	0.19309589709343533	0.8554612282500458	0.08536472965227299	0.7668911857658608	0.12986297561077606
		0.23146154958730503	0.5700905695165186	0.011998160446871894	0.907085579046479	0.866716762606616	0.0720521566100212
		0.48309073707587075	0.3383653385114361	0.07416700818670349	0.7464564988328575	0.1594451811951671	0.6059560404281293
		0.0721026236834201	0.7648891863596536	0.7766957168977903	0.1274911290724094	0.04898094643790943	0.7931153370222852
		0.1788465357731301	0.6065123096534946	0.09278333518213222	0.7128004286199523	0.417729812096198	0.3601441859049925
		0.4434040214389927	0.363932157641318	0.08161948249317402	0.7312750116961226	0.011044273158123275	0.9004644975794662
		0.06681382211871048	0.7735507365494558	0.03259747337783349	0.8382379600319514	0.982245492611751	0.011612321162132837
		0.803401143684171	0.13140844383305816	0.00472598166072646	0.9425807900093853	0.26903157062159655	0.492160450533859
		0.9656233541833898	0.028984368384437943	0.8457315796942899	0.090196006572079	0.3386080773228086	0.42376559251242113
		0.39399076992380966	0.41219874031171483	0.32586924236536075	0.44875408718267995	0.9433362230235001	0.03168521443136132
		0.36277337896844547	0.42057633137106293	0.3041532502864032	0.4732174208012604	0.8255080922889639	0.09587419164723224
		0.2937306741481568	0.509677611275577	0.3436417125370397	0.4329048232452534	0.7108180407471774	0.16061283545528143
		0.21882357655517007	0.5846202942794883	0.7267837664478212	0.157859376525394	0.019545233904356918	0.867045467105922
		0.7211843375315163	0.17629994243985056	0.8944106839311857	0.06789596395722843	0.052550788570553605	0.77743397649971
		0.08250469766150233	0.7518486014975453	0.9119195879589305	0.053841989502772955	0.23379581504424393	0.5286836334521874
		0.5787455100001765	0.27162352171746595	0.01500602154127401	0.8960253100011146	8.680449753730846E-4	0.9738244583740931
		0.03037090448765857	0.8568766776661259	0.05857914867893309	0.775901763152428	0.7287637261359023	0.15146086101177827
		0.2487564311571839	0.549203217513218	0.2768316265987115	0.4854305122413093	0.4492727513155379	0.334500988325235
		0.9577129475882917	0.04025131470797295	0.2609225101686662	0.5087077648461976	0.22213585333483798	0.533538308756806
		0.47145162404214436	0.3450164355292133	0.3286809572666181	0.44484298327405486	0.0022958698599874613	0.9610032867801681
		0.7090059597187839	0.18319889259922442	0.7005805065597147	0.1719603901461086	0.4689390432588665	0.323675076002092
		0.0882132916958643	0.7410819054734897	0.8293831295638956	0.10237231194019146	0.8993109830896441	0.05697623697900338
		0.003527543360397236	0.9760302959351399	0.8883780919238637	0.06953219212385399	0.6770163294935315	0.18251863170160396
		0.4573985842749836	0.35648812229700805	0.008117326393081032	0.9312366606294155	0.12830796563106578	0.6518792815775819
		0.6467448844684813	0.22383850138023328	0.5516561054156561	0.27484406487592733	0.7582280968245457	0.13811495798461443
		0.9360847761621286	0.0598627973793429	0.9094377963683788	0.0554437992862061	0.3940256840305596	0.38145843704951926
		0.1485090544143884	0.6480028893370878	0.20873782886804756	0.5684211022105158	0.0726436179380566	0.7366566961587179
		0.8883780919238637	0.06953219212385399	0.8097144508833432	0.10860010658972022	0.6109423598976803	0.2239746108073622
		0.05544697780716432	0.8093902121998223	0.9607944273277664	0.028702726580934812	0.5749902648894817	0.2469051676145739
		0.8225350893342412	0.11471453773657438	0.7690008345910861	0.13407840480390443	0.5956246339110453	0.2326216014654375
		8.867774809457859E-4	0.9907852964048413	0.021642667624857944	0.8693580285412489	0.1458429429235394	0.6230544501065064
		0.7027047000574521	0.19066348320637946	0.03963580904366896	0.8178193022991171	0.6164454172284685	0.22022436275279964
		0.581702552482619	0.2651556341160635	0.3720029609904517	0.4097698599368167	0.106276562603999	0.6844785550013591
		0.11665102927138017	0.6840910590085884	0.551735340845363	0.27110515232635096	0.21392571848932543	0.5449284435558036
		0.004598571431640983	0.9619469594106063	0.13648513497646225	0.6494967728463839	0.42588914078578577	0.35783300651307437
		0.5103031157340873	0.3257565045267127	0.08717252759519899	0.7216636497476887	0.8419738083573798	0.08846100650451638
		0.24009014529479974	0.5541440639838866	0.2007223030194285	0.5742663581637151	0.6803171972894181	0.18017501527850865
		0.006363724708501619	0.9514578206207032	0.9818861398733111	0.019824376586878294	0.2070742153474997	0.5502618023339728
		0.02911029178859287	0.8582824904978418	0.8300356009759282	0.09670692256474418	0.15209596159883848	0.6222751447388173
		0.9961207579173691	0.014331994576029076	0.8071616001514557	0.11165161033275846	0.6425341973110561	0.20491945014251303
		0.3978797579395148	0.40236193682787946	0.04714749778163492	0.8028270928146758	0.46255337858976747	0.3309799413524679
		0.46745779934316795	0.35568878315573355	0.05796778883684922	0.7804143091700595	0.3569972832272392	0.40895094951276084
		0.05920108392008033	0.8092907972094652	0.4292903698149928	0.3654509984915891	0.0801900511819486	0.724723296497175
		0.5390214207008859	0.3025776460779696	0.3725561922510352	0.4097389135136049	0.780714122831174	0.12152055203987165
		0.2351358353110829	0.5628323361807318	0.2521071569797773	0.5088893226343808	0.7856765916654819	0.11864468263344766
		0.5503382260352057	0.2984137216864884	0.9845014319759108	0.014101918396596238	0.9038077862040221	0.0515214274261674
		0.6534518454158302	0.22151297607075182	0.04731511818923579	0.7974195967963866	0.6483028674891462	0.19796845634342405
		0.06274942276178805	0.7932182635419052	0.14075796445916874	0.6467537751135056	0.7210331643152456	0.15410523973966903
		0.2070040833891336	0.5996549454250494	0.9636299689870267	0.025975194003620264	0.5039978328278555	0.297861326749713
		0.8337969784181598	0.10681364557962598	0.43400759488104396	0.36433601374079694	0.35339107305497014	0.4171957092525251
		0.9593621190256675	0.034391070878220555	0.035381783317544595	0.8214132625171796	0.5915011403552718	0.2374129739191339
		0.8457315796942899	0.090196006572079	0.03535163456849113	0.83336093159326	0.9756211725584066	0.015780304396119597
		0.6259579860866175	0.23251505462482758	0.3846366133994009	0.3924379418665474	0.5350555199503804	0.2790828502739227
