1,0000000000 0,0038308774
0,0000000000 1,0084228494
0,4801559020 0,3168670307
0,2959507198 0,4645632236
0,7860554163 0,1221444389
0,8739553634 0,0740915174
0,3469784033 0,4248018798
0,9598357109 0,0265032339
0,2004457274 0,5656166769
0,7278042446 0,1550036314
0,6105429188 0,2273391267
0,2486879581 0,5132757097
0,8585732850 0,0818639396
0,3295677241 0,4356082639
0,0482552156 0,7886477800
0,5180400650 0,2879934297
0,5060289772 0,3016629060
0,4391203421 0,3466972858
0,7117587429 0,1656409768
0,2396621393 0,5271859205
0,3112272814 0,4529643639
0,4169598212 0,3659647340
0,6861813518 0,1794814606
0,0085904422 0,9202756825
0,1431303500 0,6348077429
0,0682168112 0,7492284514
0,7690594427 0,1306289402
0,9453478587 0,0345927116
0,5597023734 0,2582249389
0,9162507085 0,0474960824
0,0568617378 0,7717413807
0,5918381369 0,2379023115
0,9012371089 0,0599592805
0,0240241483 0,8601408512
0,4552288004 0,3358781728
0,8908696554 0,0640598822
0,4315887589 0,3571322685
0,2112552916 0,5523557342
0,1701168916 0,6033407164
0,4938921523 0,3089094933
0,8025681178 0,1138374867
0,3800347825 0,3970539491
0,1264950356 0,6557576481
0,3573539215 0,4134760679
0,0008331167 0,9830978900
0,5764933772 0,2465638975
0,1512426113 0,6231021628
0,6337515301 0,2128991891
0,0048941431 0,9428389491
0,7030112400 0,1750401071
0,3708273973 0,4079878124
0,1608826411 0,6120631852
0,0878313487 0,7126814412
0,0111293928 0,9061020478
0,6236739551 0,2188310035
0,2780006719 0,4835146254
0,1318155392 0,6464385379
0,7497433009 0,1424255518
0,2858287839 0,4786111487
0,5465301250 0,2668370048
0,1903235770 0,5794386988
0,1163871305 0,6719279178
0,1850139645 0,5869553502
0,8425593084 0,0899666345
0,2263373931 0,5356506252
0,9780459123 0,0178618693
0,9293622441 0,0458733369
0,3202107733 0,4450763932
0,3915761617 0,3877442915
0,0396400829 0,8116504995
0,0286585949 0,8473812995
0,5298605568 0,2797240878
0,7420286700 0,1482055838
0,2654350991 0,4958447496
0,0321289747 0,8333356649
0,2620929747 0,5021395147
0,0625025002 0,7606444422
0,0181572468 0,8786175009
0,8138429867 0,1088750590
0,6736433654 0,1886147589
0,4086080694 0,3773083730
0,6496730564 0,2046254800
0,6667470495 0,1926435603
0,2210762352 0,5450547607
0,9840402575 0,0144122392
0,0020584669 0,9697381661
0,0770588888 0,7326916346
0,8355815324 0,0953093673
0,1110469623 0,6768856105
0,0031478885 0,9546156131
0,5401393652 0,2754206178
0,6548218182 0,2015745679
0,0422591297 0,8040487010
0,4043330731 0,3859178490
0,0987932127 0,6952086669
0,0160746679 0,8856138141
0,0789702058 0,7292626335
0,1005260961 0,6933250489
0,4635614402 0,3293968189
0,8211279080 0,1026721566
