1,0000000000 0,0000000000
0,0000000000 1,0000000000
0,9046839295 0,0495597753
0,4653831005 0,3187120304
0,8154993571 0,0974326793
0,8837687334 0,0612648233
0,6391319775 0,2032846429
0,4842542812 0,3057896337
0,1092696914 0,6695317533
0,0583528206 0,7614500724
0,8343504077 0,0883713439
0,3856518171 0,3863148545
0,0508800913 0,7821940087
0,0246472368 0,8460691051
0,2078920770 0,5476861520
0,3984057531 0,3711419114
0,5220997159 0,2810317555
0,6903957626 0,1734881560
0,5018105678 0,2917172538
0,8462632910 0,0827318477
0,0823634514 0,7170842700
0,2206165031 0,5396761801
0,1866995816 0,5696397492
0,0333066865 0,8180971514
0,4292768018 0,3475760231
0,5690596813 0,2462715672
0,1320513269 0,6382137631
0,1423951385 0,6281866123
0,0020272008 0,9575607999
0,2930475306 0,4612051459
0,2293913180 0,5249225455
0,0183096491 0,8683505408
0,1984121156 0,5623259060
0,4440594764 0,3351725600
0,6607085475 0,1950402071
0,1598455875 0,6102730456
0,1694884115 0,5894809012
0,6279513458 0,2129156316
0,5985026959 0,2291431106
0,0704217097 0,7361801745
0,9451635144 0,0286245070
0,7481869655 0,1383558494
0,9764852558 0,0123259340
0,6192139105 0,2252807141
0,0965482003 0,6954808116
0,0041100514 0,9360301047
0,7716117239 0,1227215876
0,8655233316 0,0751712354
0,7587039256 0,1314053647
0,2799137926 0,4782710656
0,1045953316 0,6861053973
0,3402874985 0,4245365594
0,6867256054 0,1832885744
0,9281543131 0,0376379906
0,2745294026 0,4817136995
0,3218693288 0,4394540316
0,4520453318 0,3276568348
0,6644159402 0,1860071202
0,4079611495 0,3638469320
0,7147190876 0,1668519524
0,4200058820 0,3549840458
0,2583614283 0,4947488770
0,3143150445 0,4486098475
0,5415407741 0,2674946607
0,1767364038 0,5846767198
0,0002305182 0,9875699145
0,0291305226 0,8342139711
0,0402329070 0,8013451587
0,9595227313 0,0221990793
0,0862969862 0,7077055076
0,1533619559 0,6158552304
0,7944004578 0,1093592857
0,3729954230 0,3911076733
0,3002432875 0,4550375598
0,3507146653 0,4084378917
0,3327371295 0,4290393070
0,0116474836 0,8936648047
0,5297680646 0,2749389913
0,3674707712 0,4021099445
0,8727061750 0,0697828740
0,0155845722 0,8802419445
0,7159828330 0,1613489189
0,4954446190 0,2987514659
0,0681510030 0,7444280621
0,9942606408 0,0035858675
0,2419292495 0,5174370725
0,7298884844 0,1503289516
0,2451273661 0,5091552643
0,5578449113 0,2563286781
0,1218428725 0,6556089892
0,0089725328 0,9067374774
0,7337889027 0,1476567315
0,0440757469 0,7923426427
0,0070467277 0,9195686458
0,2537423543 0,4981529496
0,1228428648 0,6523155653
0,5502059225 0,2582413314
0,7844252694 0,1163889000
0,5799851805 0,2390861614
0,3562334526 0,4069128877
