0,3356736086 0,4355373047
0,9764852558 0,0123259340
0,6793813459 0,1890423972
0,6698205491 0,1965806365
0,9586334901 0,0324065455
0,5386033858 0,2739459000
0,8983268093 0,0577521159
0,8918762615 0,0694780361
0,0245239524 0,8758871002
0,5120274388 0,3151081395
0,0016667727 0,9761287774
0,5415407741 0,2674946607
0,9957295765 0,0052005405
0,5238096734 0,2855355399
0,5297680646 0,2749389913
0,5159596256 0,2897644316
0,1219975811 0,6867912743
0,9287223644 0,0434504566
0,6668456228 0,2076494123
0,1228635005 0,6689095349
0,8789839584 0,0782681284
0,8464730738 0,0901386724
0,7298884844 0,1503289516
0,8478946858 0,0831666118
0,7953747489 0,1098034300
0,1870226612 0,5971327628
0,2626423047 0,5052943591
0,7337889027 0,1476567315
0,6915191728 0,1735407283
0,3040770077 0,4575920696
0,0247985416 0,8752275376
0,2616916248 0,5056630992
0,4581491194 0,3338058379
0,0000000000 1,0050140687
0,2649976282 0,5049609420
0,3651175661 0,4099195897
0,7852494902 0,1176985355
0,1752188371 0,6117271851
0,2508460596 0,5176167822
0,4434591494 0,3636768708
0,3646146386 0,4173344000
0,2146870399 0,5492524998
0,0090985713 0,9157117859
0,0282841526 0,8435318205
0,4042632586 0,3711486143
0,5953148569 0,2520040503
0,1585442086 0,6162085182
0,0041654945 0,9411452122
0,4637069114 0,3242135851
0,7159828330 0,1613489189
0,1953287809 0,5855405596
0,2461868755 0,5305406328
0,7147190876 0,1668519524
0,3405832073 0,4253248731
0,0058476698 0,9269671416
0,2998983811 0,4626799279
0,4884459598 0,3158088697
0,0019988021 0,9626098000
0,0084619847 0,9221550467
0,4687159773 0,3231402334
0,3856518171 0,3863148545
0,2227717756 0,5404154595
0,0004571535 0,9971648473
0,0502729724 0,7934116748
0,0279401952 0,8606348679
0,0624775845 0,7617676732
0,9950635587 0,0063078006
0,1359508682 0,6457032945
0,9733071489 0,0195893803
0,2136083223 0,5638339700
0,0847707318 0,7221195309
0,0349423816 0,8191333874
0,9289896662 0,0426050815
0,3335564242 0,4465776746
0,0614513098 0,7699141712
0,0475265688 0,7991604828
0,0666997138 0,7545306304
0,5817690132 0,2592570774
0,2184739512 0,5433755014
0,5986032749 0,2435265391
0,1426741992 0,6290765366
0,4539952050 0,3350782118
0,6334771519 0,2104781451
0,0170807205 0,8833608729
0,9711168066 0,0200379274
0,4137666761 0,3693490111
0,7587039256 0,1314053647
0,4448597743 0,3532050210
0,9994539319 0,0037949376
0,0987342509 0,7057698596
0,2794094170 0,4844425458
0,3775439923 0,3960265657
0,0977892446 0,7114507587
0,8246914826 0,0968718552
0,8154993571 0,0974326793
1,0000000000 0,0011473779
