0.47649318028662224	0.9396829670268503	0.11196065050297369	0.8493841146717502	0.9976990737727667	0.011884648274527057	1.0	0.0025754725939430333
0.48786525749408227	0.8718217575859067	0.8310935304536243	0.19491550172411526	0.0	1.0256837120656956	0.0	1.0076959675862829
0.53938493288171	0.7885742909749817	0.10404386795669135	0.8704430419336817	0.27426949573781584	0.5049966486675964	0.8559909726626317	0.08220802239982347
0.48732437386760913	0.8913935495459696	0.6857406036311707	0.2711918308248015	0.24072982055774045	0.5301022604583875	0.6112339008495768	0.22635146229571257
0.6055475625915584	0.7330215602301356	0.9128432065009383	0.12306083512983237	0.32282465799461224	0.46110085464288414	0.8752671072270815	0.07188658511398027
0.2378398075728131	1.1485843658974435	0.6907290004275131	0.2592781889824823	0.03608073739482162	0.8521005506093858	0.3179261466112344	0.44692233749553956
0.49919324539048504	0.8473846081522172	0.011909874145084974	1.0362217602734982	0.053773927342549724	0.797654021407237	0.8153098390300595	0.10754822290423492
1.0	0.4060891234305302	0.7733430288759415	0.22599013553607358	0.5792579828983669	0.27291723103928156	0.06790954772653106	0.7503684029825035
0.02192411062902558	1.5406339541104335	0.6733421111314544	0.27679378068812754	0.5894297482679195	0.25561955470656966	0.5180491170647475	0.2870379006109879
0.2797236423764995	1.077697095260043	0.9384892483311204	0.09327843195591085	0.004644945183846198	0.9596161403597119	0.7961901180545976	0.11462973196057172
0.15535697912702667	1.2968683915043862	0.010006178076707638	1.0399939224588668	0.5620691002987297	0.2796596119149964	0.25033031566120373	0.5122238812138085
0.5292383491000573	0.8112999007382659	0.058959844538041595	0.9165908388363003	0.6674261649005613	0.20412302555357223	0.7822522303542887	0.1211537910932826
0.5728493135728449	0.7459569647184493	0.6914754621474981	0.24356845570142904	0.9760989703424476	0.029658894037794477	0.1310044308218033	0.6480602572323955
0.6057237783061208	0.6995057099715456	0.32774936045105385	0.5262335768248257	0.6828736841772833	0.19504865996442763	0.5460470024896664	0.2810093301314451
0.5813974613039283	0.7390573376349725	0.6123942364134244	0.29421598446204755	0.04703046568727764	0.8243357312382072	0.2102802855285796	0.5565608154879357
0.0019215109482239629	1.6592490578581942	0.08927487962920229	0.8728884024189625	0.4341503185269877	0.36632011675913556	0.9142253850882386	0.05062586006465699
0.7316198154456514	0.6153839249645175	0.7736246622677136	0.19993919810684094	0.22914606421305245	0.5489515385196777	0.7664021245048208	0.1310811933807277
0.1280066418423563	1.3137457735144624	0.9111838874175777	0.12488376317862844	0.19012464324411033	0.608142249297057	0.19585543905557093	0.5710981343265754
0.9216144861672443	0.46639139492277354	0.9912170570613021	0.06739061196773215	0.0027741570143187426	0.9871524471824848	0.6989881224711216	0.17119629225402075
0.022670665680237317	1.4002830526437713	0.18665054907769993	0.6616492109164747	0.6238077324033426	0.23585124756326287	0.5639939044330907	0.25711417246257295
0.3654168581353816	0.9793854782649996	0.08022248535813507	0.8731208522753653	0.9602412198890836	0.03777499210803386	0.108526427701005	0.6832092099000676
0.005089706732951153	1.6509566643024565	0.04851929686895799	0.9395939238459479	0.022934896231452225	0.8777691166465801	0.09983135165239004	0.6966412794227895
0.9447183971564155	0.4461277680490914	0.05907008486680159	0.9099456449208646	0.4173453542961443	0.37974023004515767	0.4133272689449678	0.36702379861205936
0.019683396319721845	1.5724832200479495	0.4919930724596001	0.38930478695687376	0.5225100776174229	0.30821632864770016	0.6501400804853442	0.203198812373806
0.6731683579308656	0.6395972773886113	0.14350047322727	0.7398469663719069	0.8221823071440327	0.10877532408354654	0.14290237886014737	0.6323672496305328
0.03417233117420324	1.3558200882222196	0.5943080015034038	0.3210485098561179	0.5392070249609718	0.2831795558570389	0.6643272933960531	0.1965791893307853
0.00905671680276678	1.5758713519294627	0.9704748494747023	0.08101777060896151	0.8991199440970091	0.06529327322028552	0.9274270660755485	0.043601783013849794
0.32676835710747804	1.0021147199389964	0.02581854347438574	0.9482896371842987	0.7682942294307844	0.1385105385427517	0.826865348283232	0.09771678592594348
0.9841800245208322	0.4106414005599812	0.9725413632550435	0.07263906078283053	0.0857391036915097	0.7405022495690241	0.5877138605867928	0.24195780698809569
0.0	1.6638053072761463	0.0028340049878357774	1.0707131680413675	0.8454674932183224	0.09713186039392778	0.5127073716045812	0.29467148927193765
0.8113124398544486	0.5382897965327552	1.0	0.05110618819028336	0.940815968849228	0.048604912323608064	0.17666861945664705	0.590134507693352
0.7099738862749434	0.6353643566752052	0.7248481429156626	0.23867530065169082	0.34160159434250414	0.44394835841333496	0.5474059111508354	0.2701671838324433
0.39555747308389994	0.9444890719100894	0.18559083638024193	0.6677205222652289	0.6354651700319724	0.22094797037846492	0.30381729869794355	0.4587557653652704
0.27444337568981503	1.1338989402513173	0.24116044963818362	0.5839283265817453	0.15309747789214384	0.6494178020508256	0.4273986546155638	0.35384001234567936
0.9688912757431121	0.4308036960577371	0.1349863044099259	0.7735920179230561	0.5330715903273809	0.2956456306424213	0.9442389750167658	0.03505593137961219
0.6476992887937062	0.6529407780538932	0.9184809448948081	0.1165742631244743	0.1784548968492688	0.6111398348603443	0.15919333157336182	0.6116301084329601
0.2916503989764129	1.0262559610215867	0.15391518507592244	0.7248784519240113	5.899817092832086E-4	1.0038682055077615	0.49596340705158976	0.3072323908706063
0.1631529796647604	1.168409942496199	0.1505360995706297	0.7392002003755535	0.9244811786561463	0.05341529674531049	0.07445869997711779	0.7402487471749073
0.8687233621842043	0.47476959196766655	0.2806019958271728	0.5500454124509129	0.4793106342043226	0.32486230209652944	0.47587157497746596	0.32433259613074733
		0.15415712326963749	0.692882345144469	0.5049892638906035	0.3132526976499207	0.08961355909486748	0.7082981842787582
		0.9887440431757304	0.06928736939936196	0.20314069445860383	0.5878128951698228	0.7160571373231821	0.16255335072847754
		0.12598353766368206	0.8037729208122463	0.6984405311965558	0.18626666289800758	0.08214533401841438	0.7235947941811625
		0.3577895073813618	0.4839188529505509	0.8758115476508389	0.07553679587060605	0.014348097701645395	0.8890870282219526
		0.45185230331700127	0.44245174197197884	0.3017594820758415	0.47816309357178804	0.8972647866482409	0.05950904917224916
		0.21521739916593874	0.6250819731721444	0.029740961620036845	0.8594621356280921	0.6290471354639088	0.21501653494316672
		0.3001772226124583	0.5491352038886983	0.8058259291001578	0.11667715601725162	0.3989084786055582	0.3783772909444068
		0.3541184011325236	0.5105437235631837	0.11848516605056925	0.6963500128640248	0.5987481430191384	0.23506086937685514
		0.6090983179464536	0.2955520762276677	0.8575436611944758	0.08832279518427444	0.16911404734431862	0.6020927957964365
		0.32852591875695203	0.5193010962683267	0.010207706417056145	0.935050656936338	0.1176881144841419	0.6704452674415976
		0.461271650862992	0.40185313444322585	0.3130061046074469	0.4685898987271432	0.5730422661275173	0.25170040902240537
		0.9965216476126184	0.06066699118702596	0.29278184010956315	0.48944750776988666	0.036637434126005015	0.8198595005951185
		0.7651963711647275	0.23456193475308115	0.21528824693457188	0.5648340951952449	0.26129774878145684	0.5011931092449445
		0.9684488793286107	0.09132737928393092	0.3974432672787102	0.3942200906133976	0.1891953890422676	0.5801802030166628
		0.013261702608251928	1.0245010337243319	0.7198081732482493	0.1725050417557526	0.2948112860741997	0.4656104469946951
		0.4629804999099702	0.3931021127912472	0.4980998088397099	0.32425778165970587	8.340989411743414E-4	0.9819853248277259
		0.6220784171291386	0.291721091684432	0.9871412557958195	0.015431782993341974	0.2711994836197409	0.49476722221093783
		0.0034813047996062833	1.0406768166353815	0.16818814535037355	0.6277124033531826	0.6755705249324581	0.18596032523990386
		0.0019189540574597575	1.0930158692009044	0.16301569581947054	0.6328444831380442	0.05804756995737876	0.7714720862464045
		0.15116919822519245	0.7310824469117463	0.7581006079029129	0.15826297699018907	0.4469118948047293	0.34128544242495523
		0.23456612130469942	0.5877116723008942	0.4747436616516595	0.3413994672817518	0.010625405731235013	0.9098412349157013
		0.5188494376316116	0.3712072635963326	0.46472422324117807	0.34666086782540234	0.4916151600678083	0.31472692099241134
		0.8336212952854396	0.139807990579061	0.7878830800591665	0.13063615972152703	0.23855998275580703	0.5247696769259336
		0.4385345448132318	0.4435086115771586	0.37827760229651003	0.40988714470812115	0.15264807296349095	0.6270145053796656
		0.45433224537600114	0.43779115283529363	0.7386021084247084	0.16256648502710835	0.7553184823622101	0.139096521854317
		0.20986916112615847	0.6319681958158829	0.10808160012009631	0.7069143936889654	0.37431247664597267	0.3963004684314345
		0.9970630442248662	0.057007152076529975	0.07614128134915452	0.7608000838587134	0.980061767820444	0.01524051113365591
		0.20818704249383263	0.6367357395212115	0.7108729475165896	0.18381558525554192	0.23008462799894616	0.5290340935496031
		0.0	1.105783918296498	0.2075130314639097	0.5852226552198415	0.3839364652667005	0.3891889387152945
		0.5434985252984238	0.3464432207186204	0.018747094929223274	0.894937251752897	0.04678109314389762	0.796030992734319
		0.4112263000230149	0.46874412931559856	0.3874381216276914	0.4029957471593825	0.7254146158962458	0.15755537531740404
		0.014603297157853802	0.9951663875186458	0.41082496642534266	0.3889071446283208	0.0558772131368796	0.7760755861724221
		0.2170487735514523	0.6217467854968621	0.09196184756362537	0.7234840287829835	0.12340203838412281	0.6591512293539203
		0.8330367558955639	0.18642668941225055	0.8988170942928622	0.07318012035516662	0.8889022703241617	0.06520649086440253
		5.452470479313091E-4	1.103002147888597	0.6536660643814667	0.21559125782162653	0.04380863673741944	0.8001887417671544
		0.23298403631175768	0.6108904332001046	0.047176048662890095	0.8144684091580169	0.02778853122383467	0.8425237443661311
		0.3538620213782955	0.5142607408985883	0.14343938071176734	0.6712653412039581	0.35013575694242294	0.4209367127609824
		0.11948603889926346	0.8313312140270701	0.6008173484057766	0.24341779522601692	0.6363464460942139	0.21227304224485588
				0.06008032425214216	0.775243140212901	0.006026096447126482	0.936738141715044
				0.13002951257043893	0.6756932911949389	0.437345485034993	0.34940563373294636
				0.4508824086238342	0.3535779044647909	0.03243457423971458	0.8276220305562707
				0.1255054616813346	0.6857583325155465	0.018106211206659714	0.8754566561912862
				0.013770058080741296	0.9158896499726583	0.28275281860916585	0.4756059421465214
				0.8692507707276453	0.08271332882225908	0.3385083626000517	0.42725532651645265
				0.09925668144552209	0.7125837960809666	0.6864200971729694	0.18093284021408965
				0.6061183798883992	0.23932715580405364	0.28166288023996405	0.4838000795999975
				0.06264656255646964	0.7737195922036764	0.021800242584256613	0.8651137615611296
				0.07621506646139588	0.7519139774587255	0.7428523799214327	0.15344015214564566
				0.448283979457665	0.3625521593587305	0.46210326703363963	0.3366705206225785
				0.3688601192020693	0.4201466891390639	0.2219707284508602	0.5446615956470595
				0.7304417005380293	0.16593061781876084	0.9604072038671435	0.025338917805213825
				0.2249153180071791	0.562645115130978	0.0016440740358417234	0.9671614401538773
				0.7943156378517895	0.12878460353885327	0.7450617316063456	0.14672172283598536
				0.017358492683152427	0.9072730691899417	0.46655139708095267	0.3304750780629479
				0.34455726054322017	0.4404532292907385	0.004252236027324172	0.947482372926762
				0.35412318284552846	0.42942018646324265	0.35782229466062854	0.41324038709153493
				0.14632970423605485	0.6588814615381331	0.33181071590698064	0.4359013200712782
				0.7609632033622719	0.14803930083292133	0.36528687143884186	0.4103072926285616
				0.6484154945733428	0.2185083358773779	0.21877803404637491	0.5478139277914411
				0.36745937666521894	0.4284748357478987	0.9638100802901337	0.024621325487519677
				0.2550417273256397	0.5152616758807521	0.8380887996985373	0.08983392338019601
