1,0000000000 0,0055194895
0,0000000000 1,0132964051
0,0833498332 0,7315817711
0,9550346976 0,0311837398
0,6346152920 0,2191619069
0,1488521595 0,6269915350
0,6813412570 0,1873666996
0,6163339127 0,2291464946
0,3278722829 0,4471813070
0,1980995376 0,5715838057
0,8495789435 0,0995524289
0,5617273127 0,2640211602
0,5331512870 0,2818518545
0,1204979031 0,6650823106
0,2535979148 0,5187071936
0,5010404747 0,3083643680
0,7714168413 0,1436112003
0,8315786761 0,1049045840
0,5531366511 0,2734121538
0,5826327721 0,2552097925
0,0296990489 0,8480381933
0,2824848728 0,4924531121
0,4165945659 0,3715412319
0,8780179184 0,0727442262
0,0575804543 0,7823597374
0,6661820986 0,1991308212
0,4259090201 0,3602856279
0,4520794194 0,3444259419
0,3445044277 0,4309447490
0,4667736392 0,3324193979
0,1662882992 0,6189230044
0,2928592832 0,4755745526
0,2716532141 0,5002581831
0,7072826938 0,1736968596
0,1305248498 0,6496567437
0,9005005508 0,0681210568
0,8195992431 0,1160283374
0,4429082699 0,3530195605
0,0071516539 0,9304995765
0,2150496095 0,5559863228
0,0049715904 0,9484914421
0,9110762444 0,0636144403
0,4816565986 0,3156372828
0,1120328052 0,6890770294
0,8007011967 0,1160904882
0,1798173379 0,5923815440
0,5118219705 0,2988875766
0,6927633986 0,1762052514
0,7921012890 0,1293207320
0,7449300270 0,1466507268
0,9262366589 0,0525406789
0,7225275194 0,1623086047
0,0012990831 0,9825307862
0,6048271087 0,2382050248
0,5270149190 0,2946752802
0,1684485787 0,6027920119
0,0026888079 0,9677768684
0,0128439163 0,8995203537
0,9389602195 0,0388924038
0,4032701622 0,3833097486
0,8566646785 0,0821610466
0,0101604532 0,9114967782
0,0184329670 0,8824233065
0,2593306120 0,5121591006
0,0514687213 0,7986486060
0,0358440978 0,8291178563
0,0412975655 0,8163859724
0,7784129943 0,1332946835
0,0986516520 0,7203110496
0,6510237480 0,2141486248
0,0240769026 0,8685470210
0,6000450478 0,2514046673
0,9720693086 0,0214199858
0,1076951443 0,7055328834
0,3260097108 0,4612499350
0,2045487602 0,5685662101
0,3989987121 0,3909274602
0,4807497965 0,3293126403
0,3111992483 0,4632183761
0,3617873798 0,4124655294
0,8651833032 0,0781823589
0,3019360599 0,4684807748
0,3779900893 0,4120031494
0,6553419594 0,2062684701
0,3876075378 0,3999887192
0,9955586243 0,0106963646
0,7409202109 0,1524648715
0,0912962487 0,7272218494
0,2331921820 0,5337527015
0,9323046611 0,0454648440
0,3572698281 0,4220694874
0,0685682301 0,7568412887
0,2228843767 0,5451639122
0,9766717974 0,0197782008
0,2257550987 0,5438115773
0,1781779217 0,5924678650
0,3529961662 0,4283036042
0,3851238519 0,4055172785
0,0003094614 1,0054506860
0,1402959224 0,6417164075
