1,0000000000 0,0174557915
0,0000000000 1,0384592381
0,4032701622 0,3833097486
0,8315786761 0,1049045840
0,4895003488 0,3567279413
0,8625648215 0,0871231704
0,0213433550 0,9035000102
0,1120328052 0,6890770294
0,7453003415 0,1661259530
0,4321396771 0,3728301111
0,3679023102 0,4478348146
0,6094652033 0,2559112341
0,7775454052 0,1447381562
0,3324186989 0,4602047747
0,0423345511 0,8414516940
0,1555059191 0,6449419609
0,3553048722 0,4545858905
0,1988535413 0,5906239169
0,5673843764 0,2791905248
0,5305842068 0,3182821313
0,1095246391 0,7177751911
0,0354471915 0,8703078783
0,2745641739 0,5293674082
0,0244393463 0,8708946431
0,3745149652 0,4202526817
0,2464144237 0,5429100319
0,2810487686 0,5097913407
0,1716839319 0,6379653598
0,3176778565 0,4665836000
0,9187860423 0,0649970874
0,7542177272 0,1541875138
0,0033791113 0,9879420942
0,0071564937 0,9611184862
0,0482328687 0,8333190852
0,2148298584 0,5899976767
0,6350423391 0,2525536155
0,9561080252 0,0420075801
0,2660722760 0,5421703645
0,1008921179 0,7313320733
0,2888941077 0,4981205409
0,7257985275 0,1831082034
0,3876075378 0,3999887192
0,0720057769 0,7876402246
0,2427659716 0,5644162201
0,6418397989 0,2460443936
0,1814368404 0,6118809315
0,0758675715 0,7621059126
0,3124072798 0,4843957930
0,8052063719 0,1408406344
0,2275588823 0,5765670584
0,1317744502 0,6711722128
0,8263277299 0,1239751397
0,0541576664 0,8101162873
0,9331167020 0,0630952489
0,3085907041 0,4962669152
0,5110365561 0,3338288325
0,5576945170 0,2914970924
0,7106885447 0,2038338542
0,5885788822 0,2746882898
0,5213712996 0,3226483095
0,8955389295 0,0754281079
0,9919882563 0,0315822301
0,5007799465 0,3377272008
0,5912444944 0,2680310250
0,7144141404 0,1897412233
0,8168729025 0,1278747743
0,0014993720 1,0087639712
0,1788412658 0,6239124245
0,0807430831 0,7575680249
0,0596806249 0,7952122963
0,4940024592 0,3496627501
0,9769311865 0,0378278290
0,6702790358 0,2249059933
0,2295750853 0,5662975527
0,9450172109 0,0539714925
0,5558168171 0,3018886087
0,6937483941 0,2042585033
0,3779900893 0,4120031494
0,8094005731 0,1383194753
0,0011629272 1,0171600960
0,1427770872 0,6695965915
0,6654290611 0,2357049639
0,0848988708 0,7406582589
0,9486480742 0,0516629610
0,6772145650 0,2195731142
0,6800183322 0,2117889619
0,8649723910 0,0800473909
0,0007848984 1,0327363251
0,3851238519 0,4055172785
0,0106682756 0,9321325584
0,6848515514 0,2045067122
0,0584467061 0,8058372121
0,0152092181 0,9260557982
0,1815407729 0,5969147948
0,1279877731 0,6802941779
0,1440371892 0,6553515279
0,9798483051 0,0372478935
0,7225660830 0,1842132653
0,6541549160 0,2360114691
0,6046461572 0,2676434122
