0,7347498785 0,6750029185
0,7517896593 0,6494202736
0,8432427106 0,6261884047
0,2210307480 1,0913146226
0,2441592086 1,0885578311
0,0278000078 1,5388444600
0,9479801616 0,4806211408
0,8659312193 0,5257167390
0,0026297656 1,6930167033
0,5527908296 0,8202898447
0,4738191531 0,8476384245
0,5555422473 0,8046777749
0,1490069337 1,2297920590
0,7755262876 0,6326101535
0,1262627301 1,3113082794
0,9219009629 0,4867370441
0,2752000558 1,0204440620
0,0380516654 1,5177462770
0,8446102224 0,5629823534
0,0440409264 1,5050453628
0,3946514993 0,9201976064
0,0000000000 1,7375926523
0,0126713809 1,6186869299
0,0982542668 1,3884013447
0,9777802008 0,4264860013
0,0534034329 1,4071577080
0,9419893133 0,4820103837
0,1181470759 1,3136551361
0,0198545274 1,5960878167
0,8602856183 0,5522998912
0,9752786643 0,4612138528
0,5864407733 0,7404549827
0,9168425770 0,5096526616
0,6150212991 0,7106727410
0,1841779072 1,1834899022
0,6085614077 0,7156916719
0,9480283975 0,4698124151
1,0000000000 0,3923013760
0,3807106935 0,9667593417
