1,0000000000 0,0000435363
0,0000000000 1,0001166629
0,9764852558 0,0123259340
0,2419292495 0,5174370725
0,7953747489 0,1098034300
0,1423951385 0,6281866123
0,2799137926 0,4782710656
0,8727061750 0,0697828740
0,9477678938 0,0300210802
0,8464730738 0,0901386724
0,3984057531 0,3711419114
0,4856711404 0,3104415071
0,8559612275 0,0813834708
0,9595227313 0,0221990793
0,0711936974 0,7371289602
0,6368261873 0,2074341060
0,6192139105 0,2252807141
0,3856518171 0,3863148545
0,5040351837 0,2937327307
0,9281543131 0,0376379906
0,0508800913 0,7821940087
0,0583528206 0,7614500724
0,0103128523 0,9054890804
0,5220997159 0,2810317555
0,6903957626 0,1734881560
0,2206165031 0,5396761801
0,1866995816 0,5696397492
0,0333066865 0,8180971514
0,4148339780 0,3687421818
0,0841466438 0,7172999897
0,1320513269 0,6382137631
0,2998983811 0,4626799279
0,2293913180 0,5249225455
0,4460839974 0,3362331180
0,3729954230 0,3911076733
0,1694884115 0,5894809012
0,8154993571 0,0974326793
0,0021595017 0,9611876414
0,0041654945 0,9411452122
0,0066286296 0,9236655638
0,2756614470 0,4864971407
0,7481869655 0,1383558494
0,7716117239 0,1227215876
0,1027233866 0,6961719835
0,2078920770 0,5476861520
0,0864440115 0,7085413711
0,5765755721 0,2478007755
0,7587039256 0,1314053647
0,4292768018 0,3475760231
0,6867256054 0,1832885744
0,8246914826 0,0968718552
0,3218693288 0,4394540316
0,4544048023 0,3285616611
0,6644159402 0,1860071202
0,7147190876 0,1668519524
0,1598455875 0,6102730456
0,8843897944 0,0624391571
0,5669190987 0,2604780020
0,3143150445 0,4486098475
0,1767364038 0,5846767198
0,9226376706 0,0500668762
0,7844252694 0,1163889000
0,0402329070 0,8013451587
0,6607085475 0,1950402071
0,4291359349 0,3579740198
0,0291305226 0,8342139711
0,1984121156 0,5623259060
0,2616916248 0,5056630992
0,3587225368 0,4089719874
0,6279513458 0,2129156316
0,1585442086 0,6162085182
0,0002305182 0,9875699145
0,4974267033 0,3017230314
0,0155845722 0,8802419445
0,3513342388 0,4145276566
0,5902457366 0,2442542225
0,0651063125 0,7515467697
0,1136130623 0,6716318353
0,0258920551 0,8462878622
0,3327371295 0,4290393070
0,2649976282 0,5049609420
0,3402874985 0,4245365594
0,5297680646 0,2749389913
0,9038591041 0,0502059546
0,8983268093 0,0577521159
0,7159828330 0,1613489189
0,7298884844 0,1503289516
0,5985026959 0,2291431106
0,0208621581 0,8594176303
0,5415407741 0,2674946607
0,7337889027 0,1476567315
0,5522128104 0,2607148914
0,0440757469 0,7923426427
0,1218428725 0,6556089892
0,3002432875 0,4550375598
0,1228428648 0,6523155653
0,1045953316 0,6861053973
0,1114966699 0,6787513046
0,5984555751 0,2358600640
0,0187895356 0,8699304931
