1,0000000000 0,0144897710
0,0000000000 1,0082656365
0,0926281415 0,9997197157
0,1225201763 0,9956305174
0,9284692821 0,1505577828
0,0304873759 1,0063160696
0,6228721719 0,6284634596
0,9870353500 0,0478065462
0,8068423288 0,3676938704
0,4746915612 0,7901205641
0,4853272325 0,7775276192
0,0734708053 1,0028133966
0,6557079534 0,5856550273
0,9222594639 0,1745792307
0,8181893815 0,3505934097
0,1750827973 0,9837009589
0,2678786397 0,9367990272
0,7204540639 0,5006044088
0,4585323216 0,8008020725
0,0498944905 1,0055959946
0,9947670626 0,0268181151
0,6454629698 0,6003638180
0,1983397970 0,9731932214
0,3458370641 0,8970166111
0,5430957961 0,7197929626
0,4187685561 0,8395098318
0,6908068202 0,5424329584
0,6109477295 0,6435316073
0,1465726943 0,9899038463
0,7562405068 0,4491984041
0,3353096508 0,9037061885
0,3783411285 0,8729232361
0,7833757278 0,4156586929
0,3896768795 0,8591127195
0,8908625474 0,2254815688
0,8531337704 0,2888968431
0,8719253798 0,2675179691
0,6835719681 0,5480523552
0,8373781674 0,3201601836
0,6345724249 0,6153100073
0,6727940763 0,5668501172
0,8792954887 0,2516622566
0,4025189101 0,8496245989
0,5326009296 0,7317569152
0,9053242725 0,2161750962
0,5758593518 0,6813018756
0,5169310000 0,7496026850
0,9153109668 0,1854332162
0,9057388167 0,1989514796
0,5529929539 0,7064486087
0,7520199411 0,4653032234
0,3082904969 0,9153951939
0,7072965999 0,5228852117
0,9415452494 0,1405277051
0,2222977043 0,9712687900
0,2566944124 0,9456765099
0,9447480722 0,1276714063
0,4279333580 0,8298163365
0,3147852925 0,9097846603
0,3618891701 0,8843103564
0,8847640614 0,2385381799
0,6009886541 0,6514846971
0,9647795112 0,0892350667
0,7728900909 0,4328746992
0,7995575906 0,3821992745
0,7061463392 0,5254503163
0,6676821206 0,5742982666
0,9548987214 0,1043980386
0,5887847363 0,6696024278
0,7875093068 0,4039343451
0,2908100214 0,9252312883
0,2887526855 0,9307265330
0,7410539898 0,4736362015
0,4372491043 0,8192534482
0,7938767157 0,3911678758
0,1856664568 0,9810328682
0,5217837620 0,7400014881
0,9515209895 0,1117296774
0,5011154579 0,7667340855
0,7688529820 0,4381265879
0,5028743059 0,7620562423
0,4467713908 0,8147383684
0,5611797146 0,6971672548
0,2232475113 0,9589677525
0,8494440546 0,3073244649
0,5745277117 0,6964868151
0,7394792312 0,4868159202
0,5914387101 0,6618029431
0,8283874699 0,3375166183
0,7287170430 0,4917732118
0,1388315154 0,9922794071
0,9707671829 0,0797405216
0,2453972823 0,9532447350
0,3692779315 0,8823626300
0,2379650896 0,9556619358
0,8435627411 0,3104408231
0,9759947145 0,0666229392
0,8263774371 0,3392583686
0,8641339565 0,2791502588
0,9795745281 0,0640626434
