1,0000000000 0,0060487062
0,0000000000 1,0028678373
0,5911178844 0,6568870112
0,0828577069 0,9985674470
0,0349587517 1,0014154101
0,8182430774 0,3415021551
0,8087924713 0,3567291385
0,0506162648 1,0012190572
0,4309852388 0,8244024030
0,7984641078 0,3727605098
0,9656549175 0,0783280990
0,7340181436 0,4694886460
0,5790308008 0,6742241337
0,4669937100 0,7888681600
0,6178458998 0,6281108203
0,8473712304 0,2922966721
0,6313101210 0,6112096575
0,3892365016 0,8623526585
0,5372265385 0,7194199161
0,6707940075 0,5683859282
0,1266541398 0,9900048519
0,1611883295 0,9813446224
0,7656810701 0,4200348716
0,8559806817 0,2791491958
0,3173647723 0,9169163396
0,2858315995 0,9243590261
0,6965698656 0,5294012908
0,7245443455 0,4878062501
0,5530838037 0,7034865661
0,3296597216 0,9050333072
0,8700134715 0,2609013115
0,2090111307 0,9660041830
0,1475197193 0,9865821101
0,1825905628 0,9765745848
0,5688142304 0,6839007623
0,6484161113 0,5883466198
0,9755846482 0,0611389048
0,3980648651 0,8567090492
0,6575678252 0,5778319783
0,6851008136 0,5475659479
0,3704388479 0,8751051860
0,8290749161 0,3249851177
0,7448176831 0,4579741819
0,3511309631 0,8917209335
0,8828635963 0,2395586154
0,4804804184 0,7763787188
0,2233859407 0,9571723915
0,6399745348 0,6029991630
0,7549859660 0,4377520830
0,9044637695 0,1974421934
0,2454536768 0,9482224729
0,2602331530 0,9375277334
0,9788325119 0,0488047483
0,7108451427 0,5070806560
0,3043093156 0,9238999762
0,5175106297 0,7456267452
0,9238321117 0,1592204579
0,7746983982 0,4124666745
0,2706813465 0,9343264375
0,5075869502 0,7527064169
0,8892666592 0,2187463513
0,9474853554 0,1153051735
0,9164749612 0,1725007913
0,4561093087 0,8010370849
0,4156082025 0,8406445391
0,9093595621 0,1820946438
0,1951025498 0,9720717789
0,8386404500 0,3092325679
0,7028771753 0,5213537739
0,8969053574 0,2091970465
0,9310716176 0,1482881538
0,4965645930 0,7625456947
0,9582135411 0,0941668826
0,7887911417 0,3871820755
0,9900599076 0,0310302287
0,7824502369 0,3980257660
0,3650875913 0,8797985841
0,5597108843 0,6979881082
0,6794871222 0,5541689902
0,3457409842 0,9014198669
0,1074174803 0,9919959486
0,4409837373 0,8155298698
0,4124813545 0,8430582544
0,7184789649 0,4979069434
0,8642085059 0,2644125701
0,5281327948 0,7343523990
0,9527209815 0,1015739323
0,6092096750 0,6374717149
0,9394115674 0,1258966034
0,0988435092 0,9966565112
0,2399449136 0,9567778946
0,9348606513 0,1338117690
0,7523642905 0,4466215224
0,4949146534 0,7762318717
0,4489407309 0,8080243216
0,8844137500 0,2345036070
0,9976938486 0,0141832515
0,8373875848 0,3191285613
0,5306956026 0,7267657133
0,6030884750 0,6448698901
