1,0000000000 0,0000000000
0,0000000000 1,0005556485
0,0425646296 1,0004888722
0,8635725945 0,2624136255
0,1987477157 0,9604993455
0,9857751258 0,0332917419
0,0578068577 0,9981009056
0,9139077994 0,1812203691
0,0924140650 0,9946226450
0,7255351058 0,4889018616
0,3847256376 0,8600247191
0,9383797119 0,1262304681
0,7847878289 0,3841080636
0,9765925725 0,0499155330
0,9285799448 0,1492239536
0,9036816716 0,1961119611
0,5495517646 0,7129222231
0,8288758624 0,3130784522
0,9964206632 0,0138602002
0,2635102111 0,9467123947
0,9549317432 0,0948982501
0,9199607418 0,1577863575
0,9668412679 0,0652179627
0,3064417416 0,9166456543
0,1507096333 0,9780567401
0,8546172438 0,2805529207
0,6132382723 0,6362765801
0,8249243463 0,3365364014
0,8010094210 0,3724553665
0,1267296302 0,9885919685
0,7765840704 0,4033425609
0,4878751036 0,7692646342
0,4391065945 0,8191710769
0,7728281157 0,4161663832
0,4953524614 0,7575687198
0,8736877106 0,2394412147
0,2174913067 0,9548452714
0,7592355969 0,4286785149
0,4519415196 0,8069807125
0,6575034812 0,5679332260
0,8065633955 0,3512979839
0,6732973457 0,5570832504
0,3959130815 0,8472670012
0,4606828623 0,7983506363
0,9624695339 0,0821093454
0,7020182119 0,5330602814
0,1026588242 0,9897631084
0,8371920794 0,3000598728
0,8916096101 0,2210934274
0,3185738492 0,9000020616
0,5944958387 0,6730213276
0,7339602970 0,4670011035
0,3482446870 0,8871543690
0,5290851967 0,7226796405
0,6848023828 0,5373160178
0,5524250918 0,6971990373
0,8924650532 0,2089594532
0,6523690366 0,5941343819
0,8492452422 0,2934325298
0,6187610554 0,6224359319
0,5123899488 0,7391149459
0,8770109306 0,2332298986
0,7150404648 0,5011639445
0,4281790717 0,8263455047
0,2357212477 0,9493190455
0,5077822154 0,7465117198
0,1745770024 0,9699709468
0,9480258428 0,1164782675
0,3270798145 0,8979003075
0,4037865439 0,8374092388
0,3656323513 0,8728956115
0,6469892529 0,6100283760
0,1398836116 0,9829760228
0,5827174109 0,6783887089
0,4727871403 0,7794143564
0,6001881730 0,6491246483
0,5256283103 0,7276355806
0,8128492361 0,3422054877
0,3669463314 0,8707140919
0,1729140938 0,9701007162
0,3430885683 0,8892072460
0,5691915326 0,6951651969
0,7064571414 0,5180346624
0,2696977582 0,9359713249
0,6528301448 0,5788670967
0,6783981871 0,5471180836
0,5721999463 0,6852314023
0,5946213312 0,6509520478
0,2795234824 0,9312522547
0,7531908590 0,4390257443
0,2907058971 0,9181214475
0,7511412334 0,4490324597
0,6259595772 0,6122232977
0,7496198802 0,4626927964
0,2895952864 0,9274105931
0,2337902017 0,9529549644
0,6334253565 0,6101196805
0,7410388243 0,4653673098
0,4157240174 0,8316182008
0,9488308581 0,1139186201
