0,9989096075 0,0242626805
0,0000000000 1,0122596792
0,1352124306 1,0071459311
0,8857544289 0,2590524085
0,4038899666 0,8863363002
0,0734431480 1,0082123501
0,9531188726 0,1290997127
0,0620122651 1,0117322388
0,9710626089 0,0833952082
0,7268170081 0,4989557676
0,7668804222 0,4816407643
0,7082150916 0,5348440848
0,8974548808 0,2299735342
0,1601608893 0,9936170208
0,7869182631 0,4315609886
0,7305276063 0,4958211997
0,4440100303 0,8423199290
0,6519388180 0,6180302912
0,2159492325 0,9791715622
0,7713030212 0,4658821305
0,9093507150 0,2034185479
0,9832481249 0,0594632050
0,7977876994 0,4020628264
0,9252327858 0,1855601053
0,6682737346 0,5927316218
0,3519584469 0,9004229270
0,2886313287 0,9551029961
0,5985106981 0,6896812812
0,6142837892 0,6812706746
0,9648709220 0,1038462317
0,2987309688 0,9333246492
0,2582544212 0,9615464566
0,6956413907 0,5598739434
0,1764547180 0,9838253464
0,3811463607 0,8883753600
0,5733816382 0,7401223255
0,5779680733 0,7288995149
0,4127768900 0,8499425511
0,6817278327 0,5795685059
0,6227443656 0,6669469211
0,4831805420 0,8016477962
0,3676894147 0,8942479431
0,6332231079 0,6429429328
0,7945122920 0,4302272998
0,2429216850 0,9747918055
0,8428104535 0,3290130550
0,9358607203 0,1708239113
0,8595800137 0,2885734442
0,8192739289 0,3850842688
0,5465234623 0,7410872442
0,8124224913 0,3967380009
0,4692527203 0,8152345523
0,8693755341 0,2758609919
0,5960515536 0,7202633674
0,5286869714 0,7665307607
0,8544689901 0,3188696197
0,3296597216 0,9050333072
0,8545927806 0,3043358420
0,3141530331 0,9238118208
0,6292117921 0,6545652661
0,4972213126 0,7843073150
0,6933524573 0,5759861508
0,5977610422 0,7120408751
0,9985958344 0,0470139148
0,7007667725 0,5388747361
0,5198494071 0,7780678435
0,2941421058 0,9498133454
0,5319934657 0,7537016106
0,8241644867 0,3694263379
0,4910150275 0,7955958293
0,2234937572 0,9763368236
0,4674684671 0,8234754590
0,9410937735 0,1345017812
0,8359704943 0,3405087389
0,6468141132 0,6316367844
0,5119947632 0,7822322210
0,2571970210 0,9694099720
0,9896394048 0,0503191668
0,5407790514 0,7467527917
0,9354421958 0,1784451858
0,3173647723 0,9169163396
0,3284215367 0,9128572661
0,4522818382 0,8296322466
0,8665708225 0,2770690173
0,8269658176 0,3613657278
0,4529717655 0,8287219331
0,6680095256 0,5953779810
0,9011621562 0,2136508504
0,9002880432 0,2145123084
0,8288892149 0,3517195838
0,6498184347 0,6300576319
0,9648414481 0,1053610375
0,8311129317 0,3467500934
0,1759033227 0,9840808239
0,7677119118 0,4731753766
0,0697474435 1,0108513546
0,1696144505 0,9865530483
0,7068373151 0,5381364303
0,7709894491 0,4683207119
0,0635639497 1,0112607020
