1,0000000000 0,0477865683
0,0000000000 1,0236722497
0,0970453461 1,0189351189
0,0131635152 1,0197511989
0,9473435858 0,1453156540
0,2884309042 0,9470126980
0,3308970104 0,9329633533
0,3679645463 0,9205949166
0,9093378657 0,2246006847
0,8263341855 0,3883676437
0,9427401661 0,1687880640
0,2545039468 0,9735437637
0,4268179822 0,8645363253
0,7200902815 0,5536946345
0,8337727751 0,3609733725
0,3309467236 0,9226336293
0,8108243031 0,3912031601
0,9216744277 0,2063724353
0,6983376711 0,5537298020
0,5195253405 0,7871735945
0,5295705349 0,7614426346
0,4111396271 0,8759258480
0,7251708364 0,5307663011
0,7903777278 0,4453812270
0,4437001726 0,8572475453
0,9028545364 0,2506856131
0,8366751759 0,3495043903
0,2084682987 0,9919953942
0,6310284668 0,6691148732
0,4069180912 0,8911392517
0,9718521345 0,0984165563
0,6377786210 0,6520094574
0,3707574570 0,8978361974
0,3863902254 0,8954953541
0,9331521466 0,1832213211
0,7616549696 0,4847685489
0,8951524265 0,2765962217
0,7923446601 0,4317792617
0,8760992548 0,3096172189
0,8543026046 0,3364789150
0,7787034809 0,4642993698
0,9912710880 0,0646721971
0,2676100754 0,9633899202
0,5836892512 0,7046230172
0,8688268627 0,3250550484
0,5103139639 0,8037382241
0,4517207581 0,8431652739
0,7564348837 0,5035163547
0,5996795070 0,6931101102
0,6487032690 0,6319469065
0,1687054193 1,0016029913
0,2257004916 0,9737008224
0,9641080321 0,1060290575
0,6953107484 0,5765028494
0,2204766083 0,9768751847
0,4904398047 0,8083627834
0,9299140826 0,1976376435
0,8869062564 0,2886788337
0,1301837134 1,0182100472
0,5683893316 0,7164089356
0,4665224348 0,8281016749
0,8992744051 0,2599209078
0,6766227907 0,6055554712
0,8040220010 0,4141898640
0,5579439718 0,7374985408
0,9833662981 0,0709442800
0,4704205840 0,8114525661
0,5507738019 0,7514777477
0,8842994721 0,3001155305
0,5633373927 0,7304717251
0,1481189899 1,0111400208
0,1851397207 0,9997273402
0,6655113567 0,6226362603
0,6385238493 0,6331686830
0,1952728564 0,9964989073
0,2835069962 0,9549841295
0,4574282833 0,8325984397
0,6778527892 0,5959872432
0,8035600856 0,4174658418
0,7675251659 0,4730818177
0,6661315192 0,6179689646
0,6020828571 0,6851657784
0,6178246804 0,6765100861
0,6842970166 0,5838505789
0,5755421241 0,7084551701
0,8567951131 0,3296460917
0,5117231077 0,7904655402
0,7312207057 0,5146692165
0,1306095918 1,0176925963
0,6111238015 0,6768514584
0,4794575669 0,8084683469
0,7310583645 0,5183788868
0,1503408631 1,0057152066
0,5402602344 0,7612029479
0,5443369694 0,7557722338
0,7711466536 0,4660967466
0,9805469822 0,0789109622
0,6899461131 0,5808427933
0,7409516780 0,5078773343
0,1545570773 1,0035372659
