0.9046037903051206	0.1928058656788639	1.0	5.311200393656078E-4	1.0	0.0	1.0	0.0
0.9047453412308397	0.18884303278688072	0.0	1.0005174901441545	1.0	0.0	1.0	0.0
0.9019468553366616	0.1973181706370035	0.4261962071180266	0.8231955824558275	0.0	1.0	0.0	1.0
0.5331350064923304	0.7510395867917982	0.8866681602692736	0.21566946283334554	0.20788289958770448	0.9599414599108096	0.0	1.0
0.7654457430659481	0.4262498354208491	0.34789677764047733	0.8811657769663865	0.6423238092698442	0.5945812960636407	0.04301881921182929	0.99814938119362
0.9601325374947534	0.08751504926727251	0.20788289958770448	0.9599414599108096	0.04301881921182929	0.99814938119362	0.8448809998203641	0.28799232724012885
0.44009088592945905	0.8289009120468253	0.5385452568605649	0.722985598967893	0.7799368818993018	0.39986883343797747	0.790964677836653	0.37771094187298165
0.454556972496439	0.7995537618360856	0.07758428867242251	0.9970404902422266	0.6121562657075	0.6318929452882982	0.8335740976536937	0.30600649996965174
0.5064518918689979	0.7933542925988137	0.05187012610219292	0.9990282239878678	0.36283518809479703	0.8721010578786546	0.38728118050368615	0.8517839986295872
0.28515692729314895	0.9458724717583697	0.9503247603214335	0.09747878312063527	0.8866681602692736	0.21566946283334554	0.4003056714041977	0.8400950650781351
0.9897643561606673	0.048483070458871284	0.44399937940024914	0.8096863645328588	0.6621730141228428	0.5708568071762812	0.12140111900237893	0.9860492939842128
0.5385452568605649	0.722985598967893	0.9425426946273355	0.12231272453941844	0.5163310424132065	0.7344443145704712	0.5907188301420581	0.6520747408810896
0.9940984437698428	0.014373496596507758	0.46541271441122883	0.7891757053139247	0.4612589219997913	0.7889329754762058	0.9226205043460499	0.14877140496024044
0.4108960970123188	0.8763493749652509	0.3693317035780346	0.8722462322961593	0.6895555648637656	0.529537136745837	0.5442621298110166	0.705626219213008
0.42902481807299747	0.8354183417410297	0.8821309636534567	0.23437735702660395	0.8138950190901306	0.34708912355649224	0.9309659341468567	0.13533294273882826
0.2424392059687083	0.9496605860758393	0.2954731156383871	0.9153635014036567	0.5330742369986778	0.716528001844047	0.34789677764047733	0.8811657769663865
0.3518756400583693	0.8928160192277165	0.8138950190901306	0.34708912355649224	0.9226205043460499	0.14877140496024044	0.756064200473165	0.43283943364107513
0.5079598902802017	0.7649000272282981	0.9047453412308397	0.18884303278688072	0.2832409352911717	0.9223180612927695	0.24540425615988323	0.9398868040487734
0.32192929198742665	0.9179575938544895	0.7799368818993018	0.39986883343797747	0.9788420400252629	0.04286275885727372	0.6411442357049504	0.5917974473800146
0.6498477164895564	0.6131052803370852	0.6528552509062864	0.6001213438555888	0.7562536832766391	0.43551274108378113	0.8866681602692736	0.21566946283334554
0.4106077773145462	0.8819961709977454	0.28459235496526597	0.9317711208741314	0.8544530391482217	0.2716133274782662	0.9788420400252629	0.04286275885727372
0.3040902288796638	0.9269562590513494	0.9348999312242582	0.13355138053267754	0.8774938762528135	0.23029121433364813	0.7805302300692928	0.39340866146690273
0.2536392027360188	0.946409449886912	0.9232822635549338	0.1512045102699444	0.9887173668689069	0.02439969906831263	0.17077210390949876	0.9708368885263233
0.8192654814458239	0.3603684924290781	0.8544530391482217	0.2716133274782662	0.9503247603214335	0.09747878312063527	0.7715702574782697	0.40603980563301223
0.5372200750918974	0.7291138744338668	0.7577555134682236	0.4434372574560701	0.18434839639070202	0.9676131960933324	0.8544530391482217	0.2716133274782662
0.6230193150351991	0.6404224581294705	0.38781745371213505	0.8530154666940496	0.9719317490556204	0.055678486496577514	0.861731423373966	0.2581788673726123
0.8154492772576656	0.3604474666008503	0.989488405585631	0.027079149068972724	0.9152802211827723	0.1701599156755832	0.9887173668689069	0.02439969906831263
0.6592920337084038	0.5717491870918805	0.5163310424132065	0.7344443145704712	0.38781745371213505	0.8530154666940496	0.0679793631962834	0.9953788061794278
0.7883017412021155	0.42081164884354055	0.5002755140624633	0.7560284194496719	0.8361515580833521	0.3086107598363462	0.8952528365775843	0.19990383594097622
0.9539944502311849	0.08989458892809932	0.7651050045905364	0.4250286767347202	0.016839591283178947	0.9997164281654155	0.19165378715389284	0.9641160828825551
0.7577555134682236	0.4434372574560701	0.18434839639070202	0.9676131960933324	0.2665673522799915	0.9346262950463838	0.0988894083108669	0.9903003488322043
0.45409821098498837	0.8150444129529626	0.6273612770110011	0.6138456135124776	0.4770174070947768	0.772454393328576	0.016839591283178947	0.9997164281654155
0.6926490185134765	0.5349789619414679	0.8361515580833521	0.3086107598363462	0.313065980687679	0.9113361001148281	0.37088735915166027	0.8633215041821544
0.8904224933156046	0.22770739795708758	0.8022994912988367	0.36065726071710874	0.4406328738429384	0.8085617477714804	0.1406368999230745	0.9808789942153084
0.6273612770110011	0.6138456135124776	0.9019468553366616	0.1973181706370035	0.38183771978234277	0.8647338740466474	0.6596883817381068	0.569971253280343
0.6032274128003338	0.6470855706966352	0.9788420400252629	0.04286275885727372	0.4261962071180266	0.8231955824558275	0.313065980687679	0.9113361001148281
0.3435126390840011	0.896183565962184	0.2254552709652003	0.9524036239084461	0.8720668036136773	0.24771053131218262	0.5551287290220092	0.6929294038571805
0.12370893004023263	0.9879512921181167	0.313065980687679	0.9113361001148281	0.6496382751355273	0.5822598636254299	0.2041003060197592	0.9591398062127685
0.9835606593338684	0.05662575320573244	0.8743064324209814	0.2536718009925825	0.9441257011007774	0.11406550580259975	0.45069049868006866	0.796878074399511
0.611280754476665	0.6424163855795386	0.15477125676592945	0.9811864525494298	0.8022994912988367	0.36065726071710874	0.6121562657075	0.6318929452882982
0.8386775737708176	0.29791556033606276	0.3344294975158574	0.8938029135011313	0.15477125676592945	0.9811864525494298	0.8709758385423568	0.2418889970542508
0.7928811196731353	0.38437268210135134	0.8481553774770975	0.29260383839604964	0.6764769571268889	0.544445738424272	0.5051855604907131	0.745391806217984
0.6528552509062864	0.6001213438555888	0.7120824819962366	0.49562643070970697	0.8448809998203641	0.28799232724012885	0.629646495310779	0.6104739125223301
0.5949335302073249	0.652332615353588	0.454556972496439	0.7995537618360856	0.5002755140624633	0.7560284194496719	0.6700069805843412	0.5581470724370975
0.742915385649818	0.4506697731865543	0.7928811196731353	0.38437268210135134	0.790964677836653	0.37771094187298165	0.2813289410143818	0.921720604375644
0.9401079860315199	0.1313576859394464	0.6755444396605182	0.5583101182642934	0.34789677764047733	0.8811657769663865	0.5163310424132065	0.7344443145704712
0.8054583884477927	0.3672241276241388	0.6971737848937078	0.5160819436952427	0.861731423373966	0.2581788673726123	0.761480562402768	0.42177197207114975
0.7120824819962366	0.49562643070970697	0.7737515832966411	0.41386227897593675	0.2254552709652003	0.9524036239084461	0.33288745534186287	0.8911569515024204
0.17345488043228738	0.9710623116842652	0.4091236932136246	0.8398218914724079	0.7737515832966411	0.41386227897593675	0.7413554603993983	0.4503920813359963
0.9732139472588636	0.05789971555182898	0.6486118405136526	0.6094025596219537	0.2954731156383871	0.9153635014036567	0.2954731156383871	0.9153635014036567
0.6971102198142843	0.5212114239772129	0.3219621842612243	0.8974010445788059	0.6755444396605182	0.5583101182642934	0.8774938762528135	0.23029121433364813
0.16800300068692084	0.9744997239557387	0.48194895865489323	0.7730718124077968	0.9650204650502276	0.07455748177572787	0.6029192399067114	0.6408283020033172
0.0	1.003039514576841	0.12370893004023263	0.9879512921181167	0.6273612770110011	0.6138456135124776	0.579196745678811	0.6674731915081631
0.9318794976525269	0.1526519248737766	0.6592920337084038	0.5717491870918805	0.9033041785307486	0.18720708810302875	0.36283518809479703	0.8721010578786546
0.8363109785006835	0.34049280080945754	0.726829302462171	0.48043253030372	0.454556972496439	0.7995537618360856	0.6496382751355273	0.5822598636254299
0.4820643022947493	0.7963527560176524	0.6159863312036651	0.6392065295943368	0.485247617316409	0.7684670747087629	0.15661929429611918	0.9766533017901337
0.09991919486587476	0.9910186580322183	0.13598924843541982	0.9856793923958588	0.742915385649818	0.4506697731865543	0.8247274936592158	0.32141355110843134
0.8369766005440968	0.32897298057276353	0.861731423373966	0.2581788673726123	0.24775321875158637	0.941082002381297	0.3219621842612243	0.8974010445788059
0.9290234304324552	0.17390482896114506	0.38183771978234277	0.8647338740466474	0.7629638561621076	0.4238183190107811	0.8141237746188854	0.34261313263692733
0.7420469322291509	0.46586974099961725	0.9579994156364716	0.08232473909466068	0.6971737848937078	0.5160819436952427	0.41631763655477544	0.8284893312449514
0.8871049482288715	0.23672039641933856	0.8253602465622633	0.32975816438154276	0.3219621842612243	0.8974010445788059	0.9635968955607638	0.07337628293147246
0.9382211012997886	0.14875299951573767	0.5066393606798212	0.7481981820127527	0.12370893004023263	0.9879512921181167	0.7048065509963952	0.5057060738470476
0.9910695040736778	0.026403056314891735	0.9940585847141304	0.012144196920440919	0.724823700170278	0.47594124102345226	0.9033041785307486	0.18720708810302875
0.6764769571268889	0.544445738424272	0.6209204784757496	0.6268848927027559	0.0747763389778101	0.9953977116943094	0.9130592197257031	0.16760569894751673
1.0	0.010423557266856688	0.9650204650502276	0.07455748177572787	0.13598924843541982	0.9856793923958588	0.6206398701278181	0.6148061516077251
0.9670294862410153	0.08353195011168492	0.5695924355285448	0.6879466153722187	0.6032274128003338	0.6470855706966352	0.9409524796037837	0.11510337849100404
0.5502787590616232	0.7021968462356107	0.6764769571268889	0.544445738424272	0.9579994156364716	0.08232473909466068	0.4231547599077324	0.8230136152266397
0.5695924355285448	0.6879466153722187	0.7308753333410264	0.4693495159390174	0.8253602465622633	0.32975816438154276	0.6971737848937078	0.5160819436952427
0.8630298150154638	0.26247842183759273	0.4064611853794341	0.8430016149206764	0.40683554963763013	0.8373508671940415	0.22262072350831838	0.9511412534292496
0.3121395117725898	0.9234047387897334	0.5792234358026351	0.6812452841585505	0.9309659341468567	0.13533294273882826	0.4947658573749403	0.7565054032250034
0.5595061120510779	0.6988982662180498	0.6032274128003338	0.6470855706966352	0.9019468553366616	0.1973181706370035	0.6757888944706636	0.5434461080688364
0.9274346709074657	0.18118857155622703	0.2424392059687083	0.9496605860758393	0.7048065509963952	0.5057060738470476	0.5319962453305181	0.7190916778032577
0.8600038204193584	0.27651059276319356	0.5949335302073249	0.652332615353588	0.06638851080031197	0.9958637225764132	0.08360442904543804	0.9932171015992584
0.18434839639070202	0.9676131960933324	0.2536392027360188	0.946409449886912	0.9378142961512125	0.1283913243778103	0.46230805600517144	0.78647319519589
0.05689621454559689	1.0029972255476656	0.5568271945087148	0.693945201609155	0.5710055225619618	0.673952693203741	0.9940585847141304	0.012144196920440919
		0.742915385649818	0.4506697731865543	0.5695924355285448	0.6879466153722187	0.9719317490556204	0.055678486496577514
		0.7980427209459526	0.37639164353555327	0.5066393606798212	0.7481981820127527	0.5662652152409908	0.6836694310363897
		0.5469528246740345	0.7089212469586573	0.5949335302073249	0.652332615353588	0.9503247603214335	0.09747878312063527
		0.09991919486587476	0.9910186580322183	0.5568271945087148	0.693945201609155	0.8010789429569306	0.36011540442532763
		0.7389179236031291	0.4578182569698051	0.6232223700730067	0.616007542608448	0.23190955550010928	0.9493080095122909
		0.7183959887045773	0.4952754937082262	0.7183959887045773	0.4952754937082262	0.48821470352471513	0.7658137439552756
		0.6621730141228428	0.5708568071762812	0.09991919486587476	0.9910186580322183	0.9586303193252214	0.08494424939112537
		0.16800300068692084	0.9744997239557387	0.7308753333410264	0.4693495159390174	0.4770174070947768	0.772454393328576
		0.8219493335206777	0.33160083168616067	0.7389179236031291	0.4578182569698051	0.714624729964715	0.49421797817582386
		0.9190423597500368	0.16362473425815327	0.8386775737708176	0.29791556033606276	0.7308753333410264	0.4693495159390174
		0.8386775737708176	0.29791556033606276	0.9940585847141304	0.012144196920440919	0.6893330080386997	0.5279782497976868
		0.6890209531649624	0.5370519049029508	0.16800300068692084	0.9744997239557387	0.2630024365898123	0.9320277425272198
		0.9722543940036122	0.06024567653986457	0.8219493335206777	0.33160083168616067	0.43812449291721967	0.8121684791345448
		0.10185372281932312	0.9902039372283507	0.5442621298110166	0.705626219213008	0.8191394096322258	0.3317130511871497
		0.5915508896248357	0.6694080281370653	0.10185372281932312	0.9902039372283507	0.5318162399480759	0.729577581861943
		0.0036632796962825062	0.9999865803818668	0.5915508896248357	0.6694080281370653	0.8031113458658848	0.3556829791979496
		0.2665673522799915	0.9346262950463838	0.34248129278009026	0.8932928290332818	0.724823700170278	0.47594124102345226
		0.5502787590616232	0.7021968462356107	0.5862656561575238	0.6703834112277453	0.7389179236031291	0.4578182569698051
		0.5862656561575238	0.6703834112277453	0.3344294975158574	0.8938029135011313	0.9109646170345892	0.17632802858715443
		0.9737653116611112	0.05624294567262782	0.5502787590616232	0.7021968462356107	0.5710055225619618	0.673952693203741
		0.6895555648637656	0.529537136745837	0.7120824819962366	0.49562643070970697	0.6854291128153589	0.5364371409024302
		0.17345488043228738	0.9710623116842652	0.17345488043228738	0.9710623116842652	0.4738490110401125	0.7843426684989576
		0.6971102198142843	0.5212114239772129	0.7980427209459526	0.37639164353555327	0.2680305932046799	0.930459590490494
		0.4794767414841341	0.7771658426675361	0.4042074256528314	0.842709376111122	0.7177591751475394	0.486326873192673
		0.485247617316409	0.7684670747087629	0.8975791955674769	0.20743065458198812	0.4406328738429384	0.8085617477714804
