0,8969826043 0,4533642150
0,4817417229 0,9779528987
0,9347489016 0,4042279998
0,3695830518 1,0058415853
0,6455108044 0,7646729008
0,3702615499 0,9926786847
0,3675200169 1,0114456498
0,6941104646 0,6911602228
0,3755725245 0,9905633390
0,4984345488 0,8974538511
0,4924434274 0,9318456543
0,9184225250 0,4043332470
0,4720065717 0,9904581869
0,7333767593 0,6890638573
0,2095596434 1,0772448081
0,0000000000 1,1139937602
0,9577883369 0,2650620013
0,6308359965 0,7898653595
0,5665163156 0,8715657603
0,8422538015 0,4822813234
0,1512217689 1,1007147504
0,0042846118 1,1103851709
0,6218230027 0,8148652441
0,7779919764 0,5735342582
1,0000000000 0,2151327675
0,7767496526 0,5958404624
0,2869471748 1,0354731310
0,8110433567 0,5470696386
0,7523372925 0,6152963917
0,2753753330 1,0671642369
0,7755013089 0,6014218908
0,9733580064 0,2536246234
0,2193581753 1,0680996116
0,8150522964 0,4945785140
0,7783478898 0,5604334739
0,9138937980 0,4331375682
0,6920614765 0,7642428998
0,9560820878 0,2895349208
0,9369699384 0,3485442227
0,8657793142 0,4696376062
0,5373072211 0,8922560877
