1,0000000000 0,0000000000
1,0000000000 0,0000000000
0,0000000000 1,0000000000
0,0000000000 1,0000000000
0,0516988297 0,9975756752
0,9353362538 0,1262445708
0,7753999883 0,4023391743
0,0176392300 0,9997572308
0,6034002724 0,6402843534
0,0762911308 0,9942321145
0,5791379236 0,6645992655
0,7960954169 0,3662320872
0,3654393552 0,8688970933
0,3040857169 0,9078355568
0,3842656990 0,8590654206
0,6187610554 0,6224359319
0,9760621307 0,0488198997
0,0998106029 0,9921842489
0,2185683045 0,9522278963
0,5934803741 0,6509001464
0,5256283103 0,7276355806
0,5391602778 0,7173887509
0,4477855506 0,8069691436
0,9468696029 0,1092083280
0,9262952398 0,1447659370
0,2868924383 0,9205183762
0,2407460875 0,9466707258
0,8288758624 0,3130784522
0,8736877106 0,2394412147
0,8515820830 0,2766858107
0,6450893452 0,5925272117
0,9668412679 0,0652179627
0,4668234589 0,7820758582
0,3514768952 0,8790118092
0,8209675730 0,3300184325
0,4157240174 0,8316182008
0,1182122919 0,9866993256
0,9054212748 0,1871822702
0,9611960131 0,0792684054
0,8855697808 0,2249689146
0,9515924699 0,0944717713
0,7847878289 0,3841080636
0,4571692679 0,7960323460
0,9104459081 0,1717119727
0,3380671860 0,8867597622
0,8371920794 0,3000598728
0,9195974986 0,1576630491
0,2043923923 0,9596058263
0,7639010136 0,4181234843
0,1903731754 0,9667653755
0,6731487221 0,5547681366
0,1729140938 0,9701007162
0,7114647958 0,4955278959
0,3959130815 0,8472670012
0,8065633955 0,3512979839
0,6843894468 0,5341092985
0,2517189644 0,9391088746
0,7222023971 0,4822155761
0,6987156927 0,5149316662
0,8626666414 0,2578815582
0,8964647018 0,2022376879
0,4801742593 0,7737584234
0,6370068965 0,6080893825
0,5123899488 0,7391149459
0,8460327704 0,2872173862
0,7425549461 0,4539707912
0,6507657797 0,5765039000
0,2662317124 0,9320080497
0,5525704037 0,6967878818
0,4953524614 0,7575687198
0,8128492361 0,3422054877
0,5059681205 0,7460885586
0,4037865439 0,8374092388
0,6575034812 0,5679332260
0,9941734833 0,0116190851
0,5480830578 0,7016475539
0,7501013084 0,4379216199
0,8894896951 0,2108474964
0,7587946727 0,4283699853
0,6869601624 0,5282148965
0,5666480964 0,6838598428
0,9846408505 0,0327632327
0,3185738492 0,9000020616
0,3270798145 0,8979003075
0,7337870161 0,4629891824
0,6259595772 0,6122232977
0,7035872159 0,5050007273
0,2758245276 0,9264327275
0,5688991529 0,6796584842
0,1367289773 0,9826819166
0,4884658570 0,7643674158
0,7307085647 0,4747902996
0,1590763342 0,9768715993
0,4291619512 0,8161393093
0,8668749369 0,2522996932
0,4280065498 0,8168103933
0,6672515965 0,5586801066
0,1507096333 0,9780567401
0,9892316990 0,0234367787
0,7876038116 0,3833142097
