0.8215755152054864	1.2396324087128405	0.699969462543758	0.6835282560145125	1.0	0.04142767260105444	1.0	0.01405396671716929
0.693700608199443	1.4051982837455241	0.707186278042556	0.6706968417564159	0.0	1.0186789044672162	0.0	1.0059818423490943
0.681098304594834	1.4228296071237643	0.5953003271216251	0.8185333174875505	0.05824191663506266	1.0176691206476858	0.05314298366083296	1.0055056122540151
0.9680239788080771	1.067241622835325	0.9805570965673835	0.20450219542943596	0.7603285775894526	0.4799313529463562	0.22210611753185047	0.964041920991019
0.7957158871036806	1.262110748744305	0.8600179984098076	0.4245526017868951	0.7157043419029191	0.5288513986934592	0.6205821976753437	0.6343289304844829
0.01857958978360359	1.6570256596560187	0.5961456597521348	0.790660201899009	0.43771976134460366	0.8567313265835313	0.13838755123274635	0.9925552600746022
1.0	0.9806304898244164	0.19777299262687678	1.0305370495499904	0.4779060409949895	0.8266257427479168	0.8047063410302442	0.3724546467846107
0.0	1.669826951368267	0.9731761330735829	0.21151703721703027	0.7295551668771924	0.5083483415681062	0.9178251199437223	0.17845526962528252
0.5489445046343149	1.4759608520857634	0.8854493988130451	0.35575132884733257	0.5675050281373288	0.7101778962611889	0.9672362006531466	0.08193633717451566
0.5046530738373519	1.4800166681668907	0.5273565975897683	0.8356503496466119	0.6743813095425507	0.5932673005747812	0.5746626407401232	0.6892630855614927
0.4332779451053645	1.5496420111310962	0.8989316345283453	0.2965662839464355	0.7986813160702319	0.40407784496684335	0.8155458377427748	0.3585262581319505
0.71223695335307	1.350968581507925	0.3889089027298419	0.9382580782284903	0.4517129222614996	0.8427993980523956	0.9282829686219587	0.159615289592497
0.7627258776394347	1.3024543354072584	0.366852438386109	0.9906939215238465	0.5001160203977489	0.7982074818367728	0.35681944595094306	0.8827235965390194
0.9728863304271878	1.007886175459088	0.6796755347180138	0.6894344633931859	0.9632848934122016	0.12890417520457725	0.9473824917442161	0.12101924329198287
0.9373256516062581	1.1084805699335396	0.9613777731390712	0.22371525709875847	0.9885092963669662	0.0781678938039341	0.24240622037157938	0.9535234331438014
0.9977573922106491	0.9965473382480697	0.4518605653684515	0.922105695372212	0.524763253222054	0.7543705407692015	0.40538622976387895	0.8506230963878746
0.9109420159055149	1.1167383807897608	0.982428079452112	0.19219471374599809	0.9764574182974046	0.09135695155395784	0.3239988054852918	0.9119591650546911
0.6696150795257522	1.4354728888191557	0.5434406045642787	0.82917490625825	0.5073585708962576	0.77757756214537	0.46575980435535036	0.80281523216262
0.6799837443784806	1.424190460871863	0.8730240838360976	0.3687408062779653	0.8100800311483985	0.38965140021548905	0.605924702417081	0.6458899215496504
		0.37927514691677117	0.9497702663906709	0.8995926349427206	0.24870927001871893	0.6299353939428702	0.6178603772491945
		0.1787192636007044	1.0407178096637997	0.20696778352337375	0.9864316290454271	0.8472506799622894	0.30616089394926777
		0.922559112684566	0.28770515789204615	0.9192741412515709	0.20729785250061647	0.1203287011237271	0.9948341732006756
		0.8728397162547693	0.3902656503811928	0.11121717113131971	1.0113181260859359	0.9107843930822783	0.19175653677613458
		0.9955352192206318	0.1497424522895021	0.5610525131290144	0.7251688126736834	0.4753985144148101	0.7945505144191147
		0.939862538481143	0.27123156631944295	0.12748048919036178	1.0094976166402927	0.7313226313353018	0.489155017721098
		0.188508503823834	1.0406542323471788	0.9215409502402265	0.1891456935344546	0.7553876836736102	0.4539614746699515
		0.7583131537212993	0.5390219385518769	0.23398621056929256	0.9749835416558542	0.870458369061573	0.25873379718288847
		0.9898816918021333	0.16265200711102512	0.834425091509431	0.3650031489835005	0.9765614741850775	0.06614852469073035
		0.9824383736965956	0.18358989036215784	0.952650554745775	0.1492289735435789	0.5645769396646803	0.7031024131055117
		0.7114578869105804	0.6490567887913765	0.7420242093769485	0.4972433495823376	0.766702781053805	0.4371511221968101
		0.8630501375622819	0.4235940019912316	0.6301578956147903	0.6553669744602618	0.5170662681705398	0.7537219325143939
		0.01574231801498297	1.0555456753281953	0.5365478069843739	0.7408128233409295	0.18451500923622205	0.9778527745005294
		0.7340968841222291	0.6080722005474694	0.4612750215725249	0.8314945523927425	0.3719175693770339	0.8786235892704739
		0.9880302963674025	0.17798468233973255	0.8756682930835025	0.2912260032294042	0.6390488092922333	0.6070550703682838
		0.6228075620709299	0.774322071370446	0.5992955529103391	0.6731548549670143	0.5527281408948451	0.7118398114468137
		0.5039462175027297	0.8503215530007657	0.7605355046412389	0.4611630997806993	0.7440998766825142	0.47626364775946534
		0.9807760542532741	0.20443714020293896	0.8442482453417656	0.3469482797970585	0.42979317374499076	0.8272905556916664
		0.7512403008926966	0.5704413375086972	0.8683053042955564	0.3014874021474184	0.9004006048544831	0.2060276602835682
		0.07873122721149547	1.051906125495432	0.8832442743316643	0.26578423097849313	0.507248614951806	0.7645010680004283
		1.0	0.1238771453046808	0.6786202424083281	0.5770068853269845	0.8646764473387355	0.2831174757667048
		0.015652677263703486	1.058366286395337	0.5869556845220317	0.6939990872629186	0.686313272793246	0.5498385617839947
		0.8474118189267232	0.4254563069776606	0.314314537783982	0.9347606185486139	0.4885504731339142	0.7806187858758914
		0.9998045775880097	0.14308752030284375	0.5190934220758503	0.7706835107767493	0.2655311837069261	0.9414754331209533
		0.20059839396848636	1.0282237017822904	0.7850071649257757	0.41867228810397356	0.8873037949365786	0.2317608455714296
		0.7182675447580822	0.6300893091799218	0.7050365855113998	0.543377758147928	0.8573652925319731	0.2866644148823935
		0.24904612990342606	1.0014584341515824	0.5530518393544236	0.7402437586010301	0.5451773345139276	0.7263374917769647
		0.42476528469310154	0.9276340909509821	0.6139156524009886	0.6650448598596505	0.774754137734126	0.4292738309935916
		0.9639028333831883	0.21653493581734418	0.17929895140143393	0.989127087881073	0.9577716549287654	0.10238458303753917
		0.9428437103446523	0.23616115317666148	0.9926850256647357	0.060185714922417505	0.5882344630111647	0.6775525931046529
		0.0	1.0594086715512812	0.34433847104763	0.9160054319665366	0.9860811510425243	0.050264273665740766
		0.8221434160833339	0.47005529763385473	0.8591259210525197	0.31596402212981833	0.8253547838317026	0.344604469790692
		0.45973913417019063	0.8945648223389393	0.2978084669792067	0.9528735614295242	0.3433983242686502	0.8980747968295303
		0.6519043425338764	0.7119584302624619	0.24837572920572448	0.9681017446443326	0.9383062268068064	0.13516606779034793
		0.737830422616299	0.5750071481074349	0.930052039923432	0.17436930860035865	0.7085890889928244	0.5201923600269908
		0.8677537095529132	0.4001177037842947	0.3862858789170703	0.8975793876684338	0.3895033913547685	0.8666968473322454
		0.7372823383263934	0.6035472144124124	0.21429350277987977	0.9782303575901469	0.16302140563810535	0.9864704870462135
		0.6316347787624859	0.7556832433653603	0.2630281320733724	0.9649580780112724	0.5261724581775911	0.7399111456892064
		0.9881438343569982	0.17121828830856328	0.15063196938225562	1.0058570231670485	0.6944560485222946	0.539393131604619
		0.7656332825774754	0.4953194613513635	0.634982417787329	0.6436676102753467	0.7812827700107706	0.41153201407226997
		0.7237393660435378	0.6144398037021843	0.9092177656892221	0.23019328510589926	0.799744769597009	0.39269906303601404
		0.8190453919341497	0.4936217548513189	0.6620178086228107	0.6095001868456497	0.6622278783284457	0.5804075222783864
				0.9423611015718052	0.17122337625020606	0.2839858957438584	0.9378827851758783
				0.367377492727928	0.9078902113397783	0.6754137124231833	0.5613777398181425
				0.5853808189817253	0.6999109789875793	0.2518174567559779	0.9464683697526274
				0.15127160217536686	0.9960620641146878	0.44936835007374815	0.8145790179826446
				0.17355196551313484	0.9931283201581471	0.4977834000454598	0.7760158503441028
				0.30311749669824023	0.9378693832553278	0.718805360772814	0.5066474117787219
				0.08480612730951592	1.0121239589577071	0.5977731113532078	0.6575055193859461
				0.4191940226177411	0.8623474387466434	0.9361051736602085	0.14843883848631348
				0.9705428890906467	0.10734214065419218	0.9932453999124145	0.030662337906821872
				0.6920871828570205	0.5614909279836575	0.287976850549015	0.92832546087354
				0.8920026977791476	0.25857200483224435	0.7475720764452563	0.46285189638941354
				0.8166278853038423	0.3758421908681242	0.8774394569101127	0.251294802219955
				0.33383445691484886	0.9275580614406621	0.7050749177686153	0.5315859368147811
				0.6486280888505148	0.6258255689659415	0.6498680023559419	0.5950898389606464
				0.9175389994390288	0.2299135562932999	0.33962892612586665	0.9043070075886048
				0.8558344643190586	0.3282375240662828	0.0973074267996079	0.9968301935025673
				0.9452614489442007	0.1534962797913285	0.8935780281856419	0.22246481488081352
				0.6427052822843017	0.630958589614962	0.07283247492331989	1.0047139213011196
				0.3667505926996644	0.9140753810094756	0.5354725490430451	0.7349224076961871
				0.4062904895007252	0.878509591579511	0.4243135819059117	0.8385230077978794
				0.8465699837189415	0.33581267170206924	0.09133772155002756	0.9991977890020288
				0.07907278148720061	1.0140862171638574	0.446873767525884	0.8188123364174129
				0.6612670221682904	0.6163137716520329	0.6692489824350268	0.5682952552543584
				0.3990074645342806	0.8835380192931889	0.30917413448727177	0.9205424381821155
				0.4189334575478722	0.872436249073843	0.2067025268690356	0.9700252698563767
				0.6896186205217689	0.5674243273511984	0.4137576430310003	0.8437888309866478
				0.9666880126045219	0.11523069161486467	0.8411545295180457	0.3160519018303823
				0.819211564571825	0.3656659791072679	0.8284928909462805	0.33225326704375685
				0.2743758919478052	0.9560009598360463	0.16540604108842769	0.9821493222580283
				0.3930490171816383	0.8949154383142071	0.7237943373689734	0.5008062604047635
				0.2801287492952123	0.9541133388802215	0.19915978374202895	0.9726972148089521
				0.9997545031397194	0.05008209715441395	0.596722388307705	0.6712045298532054
				0.7679624263234864	0.4408568377361319	0.38443131218293386	0.8674043983970543
				0.4869740413072645	0.8069116598798866	0.30404917399233183	0.923882652075216
				0.058386260579807045	1.0157779859211138	0.8341374028825407	0.3232726438312498
				0.7387427860358321	0.5009395126406763	0.6538054501537615	0.5884926390102592
				0.6054057117919506	0.6707373603517243	0.7851486908732384	0.4033234634404214
				0.3373657606692814	0.9244337168536646	0.7921041313021617	0.3954864517841412
				0.783159025256226	0.4324175694205207	0.06473034552662986	1.0054581085528076
