1,0000000000 0,0135022984
0,0000000000 1,0084082562
0,0087703590 1,0061164148
0,0632023763 1,0030966312
0,6853411392 0,5486026115
0,1287097586 0,9950223652
0,6372370351 0,6270576181
0,8411504926 0,3098830121
0,6612593458 0,6053035267
0,3511309631 0,8917209335
0,9280731327 0,1620883342
0,8875147327 0,2408641702
0,4831805420 0,8016477962
0,8123517593 0,3678851387
0,3173647723 0,9169163396
0,5608655905 0,6992596929
0,7794436232 0,4146990878
0,1554112954 0,9869109659
0,9002880432 0,2145123084
0,4972213126 0,7843073150
0,2987309688 0,9333246492
0,5532444483 0,7236998825
0,6196169275 0,6428308313
0,9970333714 0,0281871450
0,6704263234 0,5767119605
0,8359704943 0,3405087389
0,7137561616 0,5143096817
0,5447468545 0,7306365218
0,1946367874 0,9784232105
0,9817388036 0,0552409400
0,2343192973 0,9637902273
0,9705532926 0,0764323458
0,2742714509 0,9425897748
0,7007667725 0,5388747361
0,4377005659 0,8307359077
0,4244307299 0,8466529198
0,3296597216 0,9050333072
0,5935468210 0,6789830862
0,0683152380 1,0006437340
0,6707940075 0,5683859282
0,6024031768 0,6604042625
0,9873163142 0,0476515316
0,7993271565 0,3803943201
0,9239005246 0,1815047764
0,1042498885 1,0005237974
0,4732619182 0,8124302165
0,9364530953 0,1407902584
0,8519977863 0,3005077601
0,7617808483 0,4481203801
0,9607967142 0,0987816507
0,8676081400 0,2677413501
0,4539324486 0,8135501043
0,7940778945 0,3966069259
0,5177874677 0,7697195719
0,7115652583 0,5298688077
0,4127768900 0,8499425511
0,5739131528 0,6945331964
0,2509760399 0,9551382494
0,3647744315 0,8842628656
0,9113362270 0,1868831563
0,4010951580 0,8600061049
0,2611311956 0,9539729427
0,9552107443 0,1140318505
0,7268170081 0,4989557676
0,5799594741 0,6817583605
0,5119947632 0,7822322210
0,3763828230 0,8808114328
0,9496808540 0,1232263030
0,8283532974 0,3435044811
0,7727748447 0,4249373883
0,7681937037 0,4377933242
0,2116639558 0,9693178411
0,2877620381 0,9355344196
0,4522818382 0,8296322466
0,8771072005 0,2558837410
0,1773150373 0,9807971576
0,5193835964 0,7462807803
0,7516472128 0,4858255158
0,9686767626 0,0872229298
0,7537615569 0,4638257715
0,3854534063 0,8699730757
0,8623224881 0,2904604129
0,7367798093 0,4874910650
0,9410937735 0,1345017812
0,9064774229 0,2033270937
0,6079381490 0,6505028354
0,1091743511 1,0001180880
0,2171585480 0,9668648983
0,8640228449 0,2812507340
0,1696144505 0,9865530483
0,6432710602 0,6089588147
0,3892365016 0,8623526585
0,8845988582 0,2515502106
0,3284215367 0,9128572661
0,7528810661 0,4713035143
0,6459379755 0,6081698154
0,7990139792 0,3962801183
0,7305276063 0,4958211997
0,8170775157 0,3620054271
0,8219953264 0,3543752322
