1,0000000000 0,0042431362
0,9160649589 0,2395579312
0,2795234824 0,9312522547
0,7350787138 0,4814236505
0,8910536747 0,2537673698
0,3270798145 0,8979003075
0,9857751258 0,0332917419
0,0000000000 1,0011147413
0,6575034812 0,5679332260
0,9645207148 0,1281040088
0,9397726990 0,1406482842
0,3195416231 0,9034338412
0,6227112625 0,6179955483
0,6547266441 0,5755637152
0,3868639779 0,8879036174
0,1917438004 0,9736123025
0,9865162478 0,0306997356
0,5309783394 0,7336121979
0,6848023828 0,5373160178
0,2764406773 0,9549176271
0,8677650531 0,2773490423
0,6189293120 0,6331445289
0,9203851330 0,1583480687
0,9236749689 0,1580589838
0,4878751036 0,7692646342
0,4606828623 0,7983506363
0,3869451164 0,8602804952
0,9051781484 0,2495892498
0,3666389740 0,8947353812
0,5721999463 0,6852314023
0,4598990846 0,8048706139
0,2252656632 0,9587661580
0,4281142083 0,8417462157
0,1931446172 0,9725081425
0,5300553985 0,7485801719
0,5507061734 0,7000483595
0,1510769894 0,9914825508
0,7938339239 0,4228844934
0,4792859274 0,7899301876
0,5792186603 0,6794591363
0,4593549510 0,8130899222
0,5100308279 0,7616746655
0,5151477116 0,7586781238
0,8634694668 0,3077395070
0,2024409474 0,9668165117
0,1460981056 0,9954155668
0,9894885785 0,0266676750
0,0797355753 1,0004752840
0,7150404648 0,5011639445
0,8371697585 0,3209503386
0,5827174109 0,6783887089
0,8788512396 0,2590451198
0,8571715594 0,3099891319
0,6783981871 0,5471180836
0,7511412334 0,4490324597
0,2018833544 0,9699547421
0,9837775043 0,0767110546
0,8072626914 0,3804157295
0,8406110425 0,3157721152
0,7290052830 0,4955674842
0,0865677725 0,9988841988
0,9691338550 0,0977140946
0,0946060583 0,9971910270
0,7531908590 0,4390257443
0,1283348230 0,9960839278
0,5951890492 0,6510989701
0,4341282321 0,8284760636
