0,4184637282 0,2449844438
0,0047429522 0,9857274632
0,4166540961 0,2547026446
0,4159852738 0,2680587791
0,2013874135 0,6008143831
0,0426884817 0,7840095715
0,0104328326 0,9408635820
0,2201894674 0,5068111375
0,1962220668 0,6229577960
0,0060969154 0,9687063898
0,6381657883 -0,3611843044
0,4185907925 0,1909069093
0,0064011761 0,9466626276
0,2138112167 0,5322255770
0,6326886031 -0,3069882842
0,4351540848 0,0248043032
0,0000000000 1,0123811795
0,2023550780 0,5672633405
0,4247842842 0,0935452782
0,2142732315 0,5096727898
0,6499253625 -0,4431699425
0,1976445679 0,6126190182
0,2312279989 0,3966525788
0,0520323096 0,7586800276
0,0765405601 0,6875452421
0,8258635659 -0,4844924646
0,6189959580 -0,1104916403
0,0405762411 0,7976876566
0,8502699275 -0,7535379002
0,6494771007 -0,4392733673
0,0568716327 0,7111959675
0,4485926746 -0,0909335123
0,8321834955 -0,5851793202
0,4455326430 -0,0740222325
0,8255795436 -0,4734753970
0,8240329473 -0,4498541526
0,4332957688 0,0429167708
0,0197365733 0,8823191993
0,8393415907 -0,6760005715
0,6386140081 -0,3912646647
0,4209437144 0,1528800329
0,6248306462 -0,1869137826
0,4498160834 -0,0934475732
0,6419914112 -0,3953794820
0,4598020998 -0,0948913215
0,6306541225 -0,2955047972
0,6196101729 -0,1139652489
0,2334375848 0,3435456809
0,0141476366 0,9016609081
0,6283539965 -0,2549849341
0,8448170160 -0,7189292615
0,1929440968 0,6311864615
0,8407153250 -0,7142147175
0,0248324449 0,8415161950
0,8332702127 -0,5972427213
0,6276537168 -0,2285917581
0,8252628535 -0,4681529684
0,0131789391 0,9281962463
0,2298022475 0,4511065148
0,8347088840 -0,6258022059
0,8269526751 -0,4889431111
0,0450769241 0,7592054557
0,6310777014 -0,2979721681
0,8363104315 -0,6353215433
0,6210681561 -0,1564034233
0,0817952787 0,6867109935
0,2572649690 0,3035813281
0,2495483161 0,3094852156
0,8318813215 -0,5809595197
0,8249336386 -0,4654605921
0,8346892785 -0,6054616046
0,0833984338 0,6760383565
0,8379980649 -0,6608519275
0,8500648631 -0,7483987140
0,0390893412 0,8397346454
0,4388617070 -0,0508567075
0,8499527810 -0,7212581370
0,4152940619 0,2685081064
0,6457002798 -0,4384834663
0,2384379667 0,3324633093
0,0166631856 0,8837761604
0,4621010086 -0,1013609941
0,2581392112 0,2732006768
0,6184887253 -0,1098767908
0,8282900371 -0,5365130048
0,0055265613 0,9790338712
0,4369509386 -0,0402281158
0,6367917143 -0,3609064838
0,8273092364 -0,5057664998
0,6502379162 -0,4483351884
0,8295807395 -0,5556990394
