0.012646158665247789	2.135833737299069	0.4152167793332076	0.3623820552412543	0.8545770705744613	-0.7511723614130095	0.8522394004298135	-0.7654068043072295
0.07357341193903452	1.7566850309495654	0.6433724868570136	-0.21523410712215774	0.0	1.0326779745459285	0.0	1.0110200865392214
0.8380606126680743	0.11254738580696767	0.6328145899414379	-0.10596256275577856	0.8237611352512207	-0.4421246170858042	0.8235148208771759	-0.4493362765892959
0.05111498102448611	1.8345886259130373	0.8347827013147358	-0.47495427821894104	0.6511701955979755	-0.4312742612269252	0.4534457145274588	-0.11577167675331153
0.07120495380216653	1.813312178525859	0.6308181193945765	-0.1022531564660187	0.4104809181327398	0.27202898521189794	0.6511075670474363	-0.44919495765042833
0.45119633556328553	0.6582988287701607	0.4153146407471566	0.3505227229333244	0.26097678744215275	0.27949848257956855	0.6187787035026152	-0.11719419677805147
0.20421345396503102	1.5918347249342488	0.4150145472423312	0.3859480740633196	0.1857388597123279	0.6930012329102554	0.4098998987236659	0.25126816000240343
0.04749165971868426	1.9002076222259958	0.6331927198148529	-0.1265070206013506	0.452754274780955	-0.1010913818521445	0.2562121539649881	0.2513148288308787
0.22819605893868936	1.3436415803192243	0.8406633405037678	-0.5772214144962712	0.6191695386867339	-0.106744633113453	0.0831349001270543	0.6819650417936742
0.0	2.1412501139182325	0.4338609922111439	0.14828502562042944	0.4534023201886751	-0.10414845972625462	0.18379634108351361	0.6768027420628057
0.8477994615993346	0.051992602952251346	0.836312737314443	-0.5022366457997134	0.08191082275152854	0.7004352227645368	0.054925740655931386	0.7253469590691108
0.853008295017992	-0.0038609839358097666	0.6442013922264027	-0.2329058279956066	0.6308947308594003	-0.2904168001002649	0.6267612762440267	-0.24499445256822516
0.8452649951523116	0.09480604568620597	0.8435496361032293	-0.6089776530828963	0.6293997557997226	-0.24883116540056452	0.42712209875120843	0.037689744125360414
0.0177013617835619	1.9442081122681343	0.4504823778210497	0.046533299754968	0.21241116889599382	0.5091697251147985	0.21893294795132415	0.4313144429434618
0.4060712063571014	1.11964406087161	0.8352179928474927	-0.48052827337400555	0.2239242105635733	0.4268216864635777	0.20891638624609796	0.5155801422663477
0.8452723569497244	0.060829283257358334	0.4235592572620601	0.2533415946387938	0.011375332099126233	0.9372007941869276	0.22135061798400327	0.41019967957156345
0.8328356410512787	0.14684551156228268	0.8373491308476371	-0.5501256466877066	0.22749019577012813	0.3944844897324057	0.6220620588253312	-0.17272819010432153
0.45533965005529775	0.6578438458484704	0.8426029990682353	-0.6024820670097214	0.21551776697567815	0.4690331885168493	0.43967826494797857	-0.0667174756429221
0.42114517399558793	1.1026334796661128	0.24493270624698765	0.4609233860211073	0.41242024427574475	0.23957248999355518	0.024853106662883616	0.8397198246635054
0.6396417282391083	0.33392461145079955	0.2444927971582639	0.4785240787018865	0.422434439853261	0.11537847416658678	0.2247789532506129	0.38539394497775253
0.8407196618781049	0.10605401901768599	0.2482024134873699	0.4261309831289524	0.8361016923414788	-0.6324239856139257	0.42475602257073963	0.0647025785009421
0.4319274840738471	0.8115633215432897	0.24309869638542814	0.4831135604221754	0.8402211231798066	-0.6892958444629648	0.4173269056164935	0.15263913918073319
0.019158982040194866	1.9175634235076993	0.8476749199108737	-0.6202939809003443	0.8305156392024008	-0.5664513297090205	0.22774776672309208	0.366461529418638
0.6294092834778542	0.5478698453190682	0.24452368374595404	0.4762258492555691	0.20371251161342918	0.5809695918641188	0.03281364777951778	0.8051312472534368
0.39893871872157555	1.2814738476239909	0.2449620276590122	0.4450437739576504	0.23988787813515572	0.33678258998113597	0.03887989359909233	0.7806672891501373
0.08913063194896684	1.6538849557808901	0.8228069193109232	-0.3154464696432732	0.6223054736451537	-0.15508166035780588	0.8249376637226278	-0.4794893543824248
0.44593551960579125	0.802346999454228	0.2349551521976231	0.49341334893721367	0.4432834139025427	-0.06872578195379019	0.4372191190966318	-0.04674467049123531
0.2635314527864712	1.2928494475136345	0.23066376213103734	0.5320947888761225	0.19109125132251026	0.6497848254120708	0.43392440144674355	-0.023645145419341693
0.42395843678642153	1.0560782513069038	0.43500980971733283	0.12459030748262959	0.009392385976557909	0.9587988803797636	0.06293033390070862	0.7079452568648829
0.8453709994629511	0.05765564795836133	0.4288870801412265	0.1738175151539096	0.23408827929043854	0.3611960832787764	0.8334053575180591	-0.6216024630524647
		0.8250861349138238	-0.3624895161242157	0.6427332626230997	-0.39986670817282766	0.6360074678214528	-0.36314536698720823
		0.04324514548878031	0.9537994567365851	0.4196461348753303	0.14520056393698166	0.8378023824530403	-0.6821368360701207
		0.0	1.1728189158598206	0.6373945304808271	-0.3563946967515521	0.4227000549734225	0.08471041066141491
		0.8287393758657643	-0.4250634700740037	0.8374657991781372	-0.6656566031768847	0.8273009749342107	-0.5251663214997382
		0.4445928799361064	0.05513606198840202	0.04869185151059972	0.7685827981942585	0.44389722262265485	-0.0927479815282385
		0.6375586467200836	-0.21485388634987362	0.06899008763024851	0.7218393844533215	0.6248488664117123	-0.21320299854992555
		0.05257594014361878	0.9002627177511303	0.4257808182209589	0.07082264369693232	0.8314630670596919	-0.5964380172285304
		0.6246301675736081	-0.08463339503135023	0.036503835648193615	0.8112668706019587	0.415312113835626	0.18159332677416676
		0.832767661987541	-0.46739755739398586	0.635418302086307	-0.33100834456319106	0.010176357773837045	0.9134891295779853
		0.4251065186892442	0.2425118856043628	0.42383685502745455	0.09380831331835476	0.030620038758890127	0.8192348336799884
		0.24383048462992868	0.4792307173907796	0.8332257277244993	-0.6094748091496346	0.19415256495156813	0.6121101287218336
		0.8284023514420762	-0.3971568155441853	0.6331114683604566	-0.3136341197290332	0.6337331430374695	-0.33749397069351716
		0.00878091707029056	1.0989608045619783	0.1954158941910576	0.6251795222178671	0.8262627019433102	-0.5033770268271864
		4.7922836258338687E-4	1.1593833669221294	0.19082869412763845	0.6721458067249166	0.4294742138379642	0.01580667011435728
		0.6225303758127451	-0.0631957804793913	0.828994267718202	-0.5351321234496946	0.20024548016618743	0.5832168213736251
		0.009968050935664694	1.083896208692174	0.05828728327926671	0.7477760849768912	0.6205807284679113	-0.14748253352895677
		0.8502153738107621	-0.6435846266376993	0.06708952132031352	0.7328784058878316	0.42064081246526946	0.10999503875260436
		0.19791679900998163	0.7559138910014558	0.6260375751796424	-0.20331585307318792	0.4195566583099386	0.12786657125056028
		0.62242457886312	-0.0036765250399055037	0.08098150678542579	0.708808341485341	0.21612745126420355	0.457926290773375
		0.8466052531907508	-0.6178417894256005	0.4343057613250644	0.0013741425425637	0.21142371312939326	0.48670859413918877
		0.8305590075901828	-0.4611939207194735	0.6245088328458216	-0.18708327644015282	0.4316686327318219	-0.0033593200333809996
		0.027725412877781287	1.0492815238825888	0.43577489505748834	-0.0163192727301504	0.24360227283479402	0.28069143010241604
		0.8298979311156346	-0.460088989142463	0.20568459576395415	0.5486429754822851	0.41373454641746776	0.20698308535210477
		0.0046779278414933725	1.1478569839601422	0.4380231040846018	-0.03848683768823152	0.04176011139553828	0.7681231347372491
		0.6493709369962731	-0.3127096523617549	0.004043884931162699	0.9784285202147767	0.19124420121550376	0.6340673543824399
		0.646201721129995	-0.2729978539614604	0.19980645964706592	0.5943626969902522	0.18972013560112463	0.6501844390355381
		0.18597711755460497	0.8546509016190995	0.4319123826199778	0.02350512545596656	0.014308095813217736	0.8895925345954013
		0.8404350407644143	-0.5530353945178735	0.2412138928119281	0.31836228653306214	0.23254195313385317	0.3340151466854538
		0.4206821691269637	0.32696868516083727	0.0032325647787571125	0.9918829682120475	0.8443281891359066	-0.7388767976480906
		0.26012670253156545	0.3979173276241167	0.2554085402051792	0.2802053014272229	0.6236560471535706	-0.1991241627320319
		0.8551400659196723	-0.6559125519933233	0.026675303581867014	0.8634753813824904	0.20513315046838573	0.5320530811130569
		0.41830074273687956	0.34484397967320846	0.2467448649305737	0.2946068769890998	0.6281756087008291	-0.26607655881433645
		0.6447422519432797	-0.26943236792629943	0.210187909185155	0.5237581791089949	0.6384616433116324	-0.38218210792232227
		0.4125826344747825	0.3920149663226691	0.8421890084584814	-0.7147906189277983	0.07689239567709392	0.6854704252545786
		0.43854273975994534	0.10163345939594631	0.6404709193541651	-0.3743346631785816	0.8301936169267263	-0.5760406770172045
		0.21641445653511618	0.6017839933766856	0.01525363771962838	0.9076944339526415	0.23686476594820802	0.308199032177786
		0.6466534615585301	-0.3006287306219724	0.4283327201358972	0.050714042692243416	0.6322669374505037	-0.32032356394698397
		0.18971183086886165	0.8358319665839423	0.6270227559328843	-0.2301065944631937	0.829191909889045	-0.5556620123349362
		0.823281166965932	-0.32648692540235086	0.03441683951223549	0.8303754627485582	0.04804055469851653	0.7519096461621297
		0.2278579384302367	0.5615307854304338	0.4409587362363902	-0.052243685543409184	0.8410044030027931	-0.7141897426385616
		0.8575753464156329	-0.6619239023856066	0.022076669189915073	0.885072699959876	0.23166551534067298	0.34395817956170077
		0.23122651657156654	0.5022624777476251	0.05695556597794042	0.7603893004215619	0.19796391824391457	0.5972693109532762
		0.1792948658097865	0.8563586021180045	0.4148305972334481	0.2146048929473794	0.2383301742932142	0.3006003277657229
		0.451265471261335	0.013024736654108748	0.04258650989965648	0.7954483105911943	0.6306779667756569	-0.2991228574620819
		0.034460084217492123	0.9603199618855874	0.8320807405815862	-0.5868496555576395	0.05013147803846475	0.7426593062613874
		0.20694625393531504	0.6953836305204538	0.19701156594423613	0.6127679125198752	0.02090356023634206	0.859566337790522
				0.046845487014867626	0.7926406358303199	0.00539623799798935	0.943578800139181
				0.8258466628214002	-0.4673020920207021	0.20149205889488264	0.554519821289635
				0.2339057918539812	0.3801547872994392	0.1859073719957077	0.6700799430102453
				0.41628010239019286	0.19396744012897116	0.8399645267988772	-0.7053480146412242
				6.938923448487617E-4	1.0246952098536157	0.6409579591640605	-0.4052938251391091
				0.01752926608674217	0.9076600642502825	0.6293990216311289	-0.2853175624116756
				0.8264123521802211	-0.4887497112055177	0.06892335865312577	0.6996477287037262
				0.622640183887882	-0.16263570537086938	0.002339551955669748	0.9660626194252238
				0.8471989986849311	-0.7399766413885832	0.8359720941313873	-0.6592933121545783
				0.41739820589091375	0.17037033165808413	0.6457024316660591	-0.4334765349613664
				0.8444840447639598	-0.7233367949718136	0.01656426139552303	0.8799134891473648
				0.6503983089795314	-0.4304534265187748	0.8352936107907859	-0.650739471192537
				0.2443088279458953	0.30109875870351144	0.21245630031310078	0.47360060608703414
				0.4298038290747242	0.036903864056744264	6.932473950186392E-4	0.9873774665391564
				0.20772824208224888	0.5425324485603014	0.411652911229573	0.22604255184842859
				0.21874855911888794	0.4614885650178662	0.24716655911171853	0.2703473524581267
				0.8273014716728757	-0.5059201193103771	0.008500126115172691	0.9289807508877121
				0.8280568628748349	-0.5227724052770168	0.25204320790942103	0.2655771993600909
				0.18753027979484183	0.6915235885700403	0.6445398489904886	-0.4200966304408442
				0.41925914226818894	0.1640558136894024	0.20325562861876306	0.5499247542289954
				0.022653549401074655	0.8773791517306911	0.6189200856331898	-0.12165643829481258
				0.6205752983795895	-0.11479766169594924	0.6492460543097309	-0.44608215343406016
				0.030522697403656745	0.8371519234073665	0.8477376647716007	-0.7548614071701502
				0.2200760070140723	0.4467609690555199	0.4122078975365163	0.2230331579230961
