0,4290489089 1,0823666799
0,2262236034 1,6267055915
0,4380101014 1,0093737574
0,4394794897 0,9539282931
0,4266803268 1,0996759826
0,4388627113 0,9557615121
0,2329243126 1,5513857308
0,2249859333 1,6662538744
0,4388138757 1,0041844595
0,4179285736 1,1908471132
0,4401456455 0,8833469217
0,4290849928 1,0345919104
0,4161291607 1,2701913831
0,4582614282 0,8653904754
0,8230258173 0,2892302446
0,2356970448 1,3926292150
0,0193091529 1,9488439788
0,8368255839 0,0293391987
0,0710286954 1,6688990852
0,8418333169 -0,1306756754
0,6576872142 0,2928126147
0,4595466153 0,7969439817
0,6510512228 0,3574726135
0,6497658857 0,3805693941
0,0112894573 2,0310761267
0,6214793855 0,7521997954
0,2451228490 1,3710995867
0,8395324771 -0,0202466981
0,6343625711 0,5157556184
0,8303110647 0,0708710447
0,0322161005 1,8929798595
0,0000000000 2,0542468120
0,6205122421 0,7881816621
0,6223398109 0,7135276860
0,6404543453 0,4573163618
0,2617608078 1,3054038879
0,0453879474 1,8406630650
0,6305588571 0,5801850754
