0,8509373343 -0,7709201321
0,0000000000 1,0042268295
0,8234908466 -0,4564312165
0,6183918440 -0,1198638737
0,6532252495 -0,4561669598
0,4525988556 -0,1193153006
0,4123165853 0,2376701438
0,2540313097 0,2477949904
0,1830565528 0,6716728373
0,0856188820 0,6738210569
0,0567138547 0,7103882779
0,6282044030 -0,2729759554
0,2031653719 0,5345057069
0,6415423600 -0,4114131352
0,8256797219 -0,4995800737
0,2187952051 0,4241840335
0,2146405025 0,4486150774
0,6259079955 -0,2404136214
0,4189685489 0,1256393849
0,0306699784 0,8063870135
0,2128114436 0,4733056006
0,0264999671 0,8273255717
0,4131989798 0,1972048530
0,6216771240 -0,1731906653
0,0646706336 0,6943947478
0,4413339781 -0,0808154168
0,1947676069 0,6042197303
0,0496938878 0,7325294979
0,2213886827 0,4008007805
0,2305885410 0,3452809470
0,2091347151 0,4953771221
0,0217499724 0,8457781505
0,6230649008 -0,1967755685
0,6350748769 -0,3583460896
0,2065909918 0,5137574777
0,1999547343 0,5642219029
0,0352756074 0,7867062887
0,6331362083 -0,3372998649
0,0179302812 0,8628068862
0,8289067177 -0,5576270477
0,4268224558 0,0367046348
0,1984094766 0,5760028574
0,0099943510 0,9028421562
0,8272555839 -0,5265422243
0,6372396378 -0,3803335914
0,0069921960 0,9225378337
0,2333572873 0,3263610531
0,6246140084 -0,2193599520
0,6301979719 -0,3004416669
0,2433853906 0,2753371026
0,6196505763 -0,1396031444
0,6445977803 -0,4316772978
0,2402884949 0,2953468199
0,0731205446 0,6814574093
0,4304205613 -0,0001379600
0,0041499728 0,9411152694
0,2362365930 0,3070153067
0,1874356033 0,6477969437
0,8305754280 -0,5809694347
0,8383614474 -0,6945154454
0,4290899104 0,0113622244
0,0429670420 0,7610775768
0,2480960637 0,2633858448
0,6312759107 -0,3149061592
0,4212289406 0,1010500662
0,0468549495 0,7453174321
0,8318316319 -0,6023781126
0,8345634060 -0,6430487061
0,4143573824 0,1812058251
0,4168309306 0,1515812307
0,4243726922 0,0672988473
0,0392230658 0,7728230275
0,2263512824 0,3657565546
0,4449996015 -0,0985571104
0,4221220660 0,0894322349
0,8366227488 -0,6753930839
0,4373167801 -0,0575355928
0,4333319940 -0,0254488334
0,0009275268 0,9772569923
0,1922482786 0,6196170967
0,0017228017 0,9660305900
0,4476970557 -0,1079957661
0,4248576498 0,0534015821
0,8327845110 -0,6186518502
0,2253935409 0,3759631148
0,6478276381 -0,4460782204
0,4162221564 0,1617059983
0,1888929596 0,6386934985
0,4370775928 -0,0508288687
0,0816356251 0,6739790902
0,4341031744 -0,0304630801
0,8402406953 -0,7122515320
0,8410321528 -0,7216899505
0,0154927314 0,8840229612
0,8432503733 -0,7378609601
0,0133240058 0,8849941827
0,2522461114 0,2504346577
0,8445802283 -0,7447324628
0,8356564607 -0,6578705424
0,8475054244 -0,7583783863
