0,6254487406 0,1069372554
0,2114048724 0,9792024596
0,6423396689 -0,1556407806
0,8445680397 -0,4538528653
0,8448399794 -0,4811157798
0,6367660303 0,0885983118
0,2154766707 0,8607662913
0,6415846257 -0,1284190255
0,6551203524 -0,1881193692
0,2296879654 0,8600346365
0,6377553588 0,0380075966
0,0022707153 1,4176714927
0,6365975930 0,0990067537
0,8307812612 -0,3125629351
0,0207512324 1,2576251728
0,6378741036 -0,0302768554
0,6249086710 0,1474727780
0,4270376753 0,3327155673
0,2321454426 0,8290137032
0,8457655183 -0,4943623969
0,2427742010 0,6701033072
0,6382619513 -0,1076145537
0,2513112613 0,6371447770
0,2412675542 0,7203249134
0,2462523637 0,6644423740
0,0730835246 1,1432262979
0,8347817111 -0,3945498215
0,4396128787 0,3279324464
0,1944235517 0,9966785901
0,8314569371 -0,3357349864
0,0087054177 1,4035132822
0,0178287458 1,2907175588
0,6519501943 -0,1856041507
0,0012347505 1,4225149098
0,8482622006 -0,4987035198
0,0107465182 1,3916005608
0,8376716165 -0,4166620432
0,8306651894 -0,2937105640
0,8337022956 -0,3784857307
0,8277556581 -0,2755060118
0,4151092077 0,5064838530
0,0769409299 1,0702789600
0,8378994802 -0,4491629959
0,8499659954 -0,5180210086
0,0024387748 1,4108112340
0,0403896527 1,1596416818
0,8494817994 -0,5171186233
0,4415657699 0,2862630662
0,2536379521 0,5793071704
0,0000000000 1,4450935552
0,4464409595 0,1919077578
0,4663636550 0,1507281845
0,8527477763 -0,5342063202
0,8268691855 -0,2716820429
0,4176995115 0,4404216430
