0,8511060351 -0,7473549236
0,0000000000 1,0465869894
0,6191315287 -0,0835468744
0,8243721560 -0,4359322370
0,6547133609 -0,4280432869
0,4512119824 -0,0772827440
0,2529434665 0,2769012116
0,4101579002 0,2762865667
0,1841490750 0,7159492155
0,0788004549 0,7174529624
0,1970357120 0,6220669666
0,2093003575 0,5280980441
0,4224739834 0,1253063624
0,6333450362 -0,2520856843
0,4278360740 0,0767144471
0,1912217199 0,6723396214
0,0403108953 0,8071343400
0,6363381670 -0,3268697832
0,4359549453 -0,0072057492
0,2385089794 0,3275695345
0,4204033283 0,1541374009
0,6249134290 -0,1884018755
0,1936112114 0,6508245888
0,4278565660 0,0564411989
0,2167945103 0,4810972897
0,0782964004 0,7411143096
0,1853381417 0,7068269403
0,2325875632 0,3718738404
0,4401648280 -0,0337986659
0,6387825700 -0,3655072296
0,0281219155 0,8589384198
0,4201298475 0,1865545868
0,0026578735 1,0128627658
0,6299445381 -0,2245865931
0,2200988943 0,4707351960
0,2117137302 0,5133738116
0,2271396075 0,4018738641
0,2260431731 0,4383605473
0,8282136639 -0,5237976770
0,4418870663 -0,0529134595
0,4338437659 0,0284540576
0,0242760206 0,8891673625
0,4190653619 0,2061700125
0,6237738976 -0,1504596177
0,6439226723 -0,3908369814
0,6488191832 -0,4161822451
0,6217498380 -0,1175490016
0,2241368076 0,4455688859
0,0169168441 0,9155622110
0,8394154738 -0,6784546689
0,8425854361 -0,6987536495
0,0467574291 0,7940758827
0,8358269687 -0,6302670210
0,2075965420 0,5926540337
0,8324100970 -0,5723694417
0,8336670655 -0,6008546152
0,6342892319 -0,3241981246
0,0058624433 0,9726936905
0,4357737612 0,0243093432
0,4139045879 0,2214927637
0,0666121905 0,7554064312
0,2508288561 0,2879129548
0,6196011687 -0,1065848555
0,0622165345 0,7607340348
0,8442820654 -0,7123234323
0,0302076862 0,8384069253
0,8361285978 -0,6501045006
0,0528710465 0,7782873317
0,8469037452 -0,7287894279
0,0582005561 0,7771139963
0,0153586722 0,9307413123
0,6231528536 -0,1450369739
0,2429266045 0,3189125621
0,8257707097 -0,4686276684
0,0010159752 1,0394731799
0,0052209622 0,9950130856
0,0087823691 0,9517785846
0,8388850652 -0,6623111277
0,0101826525 0,9385555115
0,2294700728 0,3954195114
0,4129627070 0,2331166741
0,8355549768 -0,6077480974
0,4480045443 -0,0662067810
0,8263018840 -0,4866542864
0,8275337610 -0,4970616419
0,2448443525 0,2994371673
0,2335613201 0,3576580184
0,8251186369 -0,4496672027
0,8484325898 -0,7415061798
0,6407548069 -0,3744882774
0,2027308466 0,5990504034
0,4128633447 0,2537788183
0,8310902024 -0,5473873752
0,4106136853 0,2713654666
0,2433056319 0,3005564553
0,6273984101 -0,2119039119
0,4114856365 0,2553503350
0,0194966055 0,8920797674
0,2116636570 0,5208609396
0,0681314811 0,7472268433
