0.023961540051969557	1.815251373098985	0.6323931012647663	-0.08470619573223992	0.8518699072041361	-0.7456606576748297	0.8518161029472147	-0.7650044291436251
0.42495351087382155	0.8581343966704781	0.4144477305383474	0.4113329095012524	0.0	1.0496224100235647	0.0	1.011718699633913
0.4392832650624381	0.6648991326070671	0.0448278997279125	1.0103807692495157	0.6542186881572282	-0.42555717534030735	0.6529302932575581	-0.45088891102837947
0.24895608133459454	0.9995245485431191	0.8311341671440792	-0.4061442377755854	0.8237232029383116	-0.43147397784104136	0.8237182891786976	-0.45154183059656333
0.6284988890235886	0.4399886285597664	0.6262560019179978	-0.010641317983906657	0.25737183159009897	0.276658774397444	0.6188798468144693	-0.11574373265627864
0.6465065773748753	0.22961564041169413	0.6352054390983873	-0.1660997670041424	0.4124068362438751	0.2758956155445635	0.4547919908530477	-0.11466757310276116
0.6333585227027471	0.3659213819006198	0.8287637786006374	-0.40339753134647266	0.18994614365764123	0.6980790319428837	0.2580730221363362	0.251794517142886
0.620558997550718	0.5263298426734201	0.6269395228732078	-0.0552761246385788	0.6197123284298288	-0.09644968871764693	0.4098084206463416	0.2501217289318562
0.8246522323264657	0.21504931538928476	0.6264756103876686	-0.01786092863666775	0.4535252868505565	-0.08592986091215897	0.18259905733145848	0.6802091449488075
0.6202209547468603	0.5431242032046237	0.4285461706046946	0.20426057206290443	0.08339407216012966	0.7222113253851692	0.08312181545535553	0.6814918292907101
0.208057126051772	1.35615990588756	0.4417532962403359	0.12095173794613175	0.21984216253976016	0.4755192150470919	0.21931756173876377	0.43025424930085604
0.06559387684852082	1.5500673080997445	0.4255338487603212	0.2511131062357933	0.05065839309808509	0.7901477390798981	0.23028197086550467	0.34503732802742976
0.6215234699001448	0.48642565663553056	0.8472772410720041	-0.6200065096278001	0.23975642561669	0.33543068306992985	0.8320359916622522	-0.6041004207582712
0.009886721797406158	1.8264313902255085	0.6366394495826386	-0.16966327726701314	0.42989766605708213	0.05886297781578802	0.053100888961877896	0.7302031238774486
0.25212372557559853	0.9653668285437489	0.42432980878048915	0.2822351382156424	0.43715876543229104	-0.01927514815416113	0.2073664658422031	0.5174915120324166
0.6224162381114847	0.4653886427478056	0.4350249870477306	0.1646727738141492	0.4359381514295457	0.02015507972139317	0.2101153318352988	0.49469054873176904
0.43482497512000035	0.7180935865670285	0.060071025867005384	0.9727443816109586	0.0012582771737830345	1.0067424804364917	0.6389605684076505	-0.38799007772465766
0.41722021001042864	0.8805388957981901	0.21775937693263034	0.6288870404128701	0.06343276547606645	0.7419890452911212	0.022865796407092697	0.8470906134467795
0.8248727141959467	0.1465021633392115	0.031296545783875106	1.028377381748162	0.2227566984240545	0.4505601702498002	0.42524716562333503	0.05842094326432288
0.6392086464620771	0.3373527750464066	0.06105094987322965	0.9500270251720218	0.8362281095888976	-0.6416403552121733	0.8338247429804517	-0.6289559850282246
0.21115194909541357	1.2349302821926662	0.18493947052273588	0.8769277701654076	0.07503419397907485	0.7380563684545053	0.20360363875989954	0.5426016362279691
0.008656615149757366	1.8427113719736439	0.001384947689495918	1.1609153415085247	0.21813551951630056	0.5213297042634538	0.42757320124294185	0.034394737562027745
0.44749943141686715	0.5506518546558413	0.8423170513127113	-0.5821351402463465	0.42809278881455587	0.09737271327291491	0.005415699307112454	0.9387481075339842
6.655916510653653E-4	1.8828015525578081	0.6409552876591186	-0.2344446132765492	0.25324714022512396	0.29197997766999684	0.04503708272308863	0.7621569968905306
0.42818150846037034	0.7791101074636965	0.20978836761449537	0.6783011778134006	0.2079632270784303	0.5813601177114633	0.4198717480158184	0.11792521690440538
0.19862393227524827	1.3817923104442709	0.1010630668950636	0.902111717463756	0.05303352606262423	0.7611466136602342	0.2277593556299142	0.3665966276256621
0.6647539443248303	0.22432737276525794	0.832977509056482	-0.4676140692592937	0.020542182646011074	0.8991573848728934	0.06095952923420626	0.7100638564772578
1.1074827662226061E-4	1.897527871458959	0.02735214709805961	1.040744334113904	0.047067406709966314	0.8233597278649712	0.8368632232370891	-0.672762822835722
0.05242079962733621	1.6173714525436278	0.6201431378532453	0.036679753532653576	0.2046955134726631	0.6016341907864102	0.6266974705834667	-0.24390473758942957
0.8470523123327132	-0.19555186727826399	0.24485502409971435	0.4573206266165416	0.4233087877373335	0.13221748837150357	0.026904285936476372	0.8270658663523274
0.0	1.898009515584806	0.8429625695715852	-0.5846750701434335	0.8441341729637242	-0.7140523132912867	0.23515708752625863	0.3175601981388173
0.643361209824862	0.32526837859470853	0.04777062152004176	1.0092765523968954	0.23624785168941947	0.375952998838701	0.19243219368247275	0.6192001821112595
0.02973190483782636	1.6418964059799814	0.6194336654465182	0.05648372707097702	0.22685502282169545	0.42606596957167087	0.8250802353401577	-0.48014938989333406
0.8554212056650216	-0.20379239627308068	0.41490092431125475	0.38104098964807576	0.8323997115990849	-0.5728154018909789	0.19545117867894946	0.6022756290513386
0.235171565493497	1.081358825187141	0.23383783160537588	0.5661079615668718	0.636745830147304	-0.33795244244256634	0.012963412490163457	0.8936262172853829
0.645093736392865	0.24761605797863645	0.8378349890844453	-0.528158226704183	0.836023739972089	-0.6118540307508199	0.19939319359599772	0.5795016834795222
0.18938054292713413	1.4634183539949526	0.6415840198083255	-0.28606673473436073	0.6335025185224705	-0.2859314405591496	0.009517582231783938	0.9119334022699703
0.2249568819030793	1.097911840189785	0.8250711567140372	-0.3281488213202558	0.6303703539688174	-0.26371299755037286	0.039297290645875234	0.7822853070812481
0.8321447277688847	-0.08682149302350574	0.1849842728194444	0.8568468596638148	0.8306374146435743	-0.5421087517264342	0.18875253345025003	0.6428612285142179
		0.8313277568237447	-0.46747667932130355	0.43225379416393267	0.037299650900941936	0.8394920369643495	-0.7008755450579367
		0.6203517171038082	0.007036780233748646	0.011635605724316201	0.9504822107314547	0.22133422061836602	0.40129452358122875
		0.4206128525162977	0.2835142917967366	0.4188410287430855	0.20075076547489182	0.003170462380697306	0.964261818389671
		0.637056679217575	-0.18586670907434216	0.6199117029805582	-0.1174664696115088	0.6282308019920607	-0.2675762827070924
		0.2243213196944305	0.6038989810165812	0.8272111587809693	-0.47252965637802363	0.4381676277560792	-0.05230319910623294
		0.8270780325568906	-0.3652635333436919	0.8386518361195637	-0.6701604449921368	0.21341943619080206	0.469260217978472
		0.021146900393705762	1.062880921270781	0.026121574806127375	0.8658887364178333	0.6464978639946863	-0.4366167679450023
		0.18734916720514191	0.8233901815764151	0.19889620293450522	0.6370813572239612	0.21516698832948444	0.45311651562626776
		0.8498859829286837	-0.6419940003595862	0.24495212038054673	0.3114092277689113	0.8304321947251606	-0.5742248246700999
		0.2437522804696469	0.5056306987175367	0.1940046511769237	0.6719037886139309	0.18667438951725074	0.6600098612133506
		0.8363580593375644	-0.5222872959435898	0.2032835149068077	0.6285378275357386	0.8357390490027296	-0.653871601455511
		0.009136839359822152	1.088310659247546	0.2105611591613004	0.5530843806987193	0.41792247549757483	0.147643843178623
		0.6299425677187899	-0.06831896389761295	0.8253606142646087	-0.44741772058380685	0.4229395386017984	0.08285105514618583
		0.23634639530771637	0.5322813564019966	0.4134478405002543	0.25706365401088227	0.05007772640051932	0.7491488927761595
		0.007391401165228656	1.1294864842215742	0.6226984235076474	-0.1492037998572221	0.2245897194444261	0.388613044846641
		0.448472496489479	0.057027268819725606	0.22964883858672802	0.4096411592844913	0.6250052593208848	-0.21965920423903337
		0.4462879263143676	0.057284709762714235	8.546487505865256E-4	1.0385354789930634	0.6230250491018534	-0.19277063033472558
		0.04781882993957243	0.9730378406951471	0.19676848464552527	0.6640379415157843	0.24188046679111067	0.2901511457767529
		0.6510663857694189	-0.32513102423857987	0.0258339768245788	0.8796258581090046	0.8452526524382683	-0.7469945517059744
		0.8341232451388366	-0.4867139686299914	0.424527505039065	0.10884528898858334	0.44142430300012814	-0.07447651458292702
		0.22589575740167617	0.5711148459665794	0.04070178904259237	0.827379255632743	0.2007390453878825	0.5596667314021478
		0.8255521307490455	-0.3543432597183344	0.004683179223315955	0.9816253128169249	0.06562763308163895	0.7012054910019307
		0.8283574785071662	-0.390798298375995	0.6345436821369321	-0.3079552365519248	0.8265361603468951	-0.5090850045638765
		0.4344912656006649	0.17059679066997485	0.6262554960925376	-0.21065330194149542	0.6222135067641764	-0.17400709845042245
		0.8493475908075643	-0.6297326607569326	0.4155838266865812	0.21973511585379427	0.41672658867231094	0.16033657403739104
		0.1964871718544098	0.7723106457606653	0.01327432880397803	0.9244571303827377	0.6361507375419939	-0.3629467788273324
		0.21617897462146474	0.6693343466652725	0.41426649487442735	0.2335564879081955	0.43343946526088006	-0.020318539340648496
		0.44350011044819176	0.08188431134808206	0.44514303515989834	-0.06720767765626189	0.4298878262455228	0.012265767221198853
		0.8433787623840879	-0.604909248697063	0.03413583459981596	0.8475073857123486	0.6199891899568556	-0.1382751118748849
		0.24553105317775253	0.4215362409424825	0.6244284531695444	-0.18573036321607644	0.43556205346312804	-0.03452792471163549
		0.839453832197633	-0.5807884503537206	0.005883909541475461	0.9727892440846203	0.4217846034812984	0.10012949501252456
		0.43775486689565424	0.13376440731157194	0.8462562175563069	-0.7334263084117797	0.23773096788668646	0.30598849661327904
		0.6332234213964311	-0.12644459887930712	0.016283875542916167	0.9181466996861333	0.03174823193664012	0.8110074426021817
		0.07856018055197715	0.9169254163482888	0.42259104852737356	0.16150061275183952	0.035477013364238204	0.7951596170321491
		0.4153250105549561	0.34410128528591666	0.2309570724589226	0.38917669101691615	0.07301672778073656	0.6898422330538335
		0.0	1.1800021665893021	0.8272269670288573	-0.4939485578726582	0.6210472925014779	-0.1532222122566951
				0.641801390421752	-0.3621374209945343	0.4313054806949401	-5.551908701271248E-4
				0.8413166781735685	-0.687608321102679	0.41044518172822547	0.23906981991033333
				0.6300392177346698	-0.24053207179607877	0.018536139215848894	0.8685005667868311
				0.6476459837238239	-0.4189682709130101	0.24549373893366364	0.2749561918659604
				0.4432642132762339	-0.04443901712377979	0.41225079170962586	0.21568023476027234
				0.43973083681264086	-0.04045934960152428	0.8416388088473352	-0.7216749456657652
				0.4201603045654464	0.1779682031418182	0.017617337360002976	0.8750627031377863
				0.8296449570025789	-0.5259916172705247	0.2488538224123729	0.26619414276625125
				0.8276780570094026	-0.5111948624669992	0.44630308342705727	-0.1002019315931778
				0.6436785220429809	-0.39120715000588235	0.8281873144431561	-0.5383932185933853
				0.4487529613391371	-0.07463546394263708	0.8291054135485274	-0.5519203467882504
				0.21139807413732253	0.5412374544677137	0.6302433341194356	-0.28904384833428454
				0.6291740953748154	-0.22741728397919894	0.6320255176435826	-0.319938896022418
				0.24300243213402212	0.319534746608304	0.6349902436070802	-0.35291700621448163
				0.6376778412141646	-0.35760456967048543	0.44412315404700964	-0.08642368093322478
				0.2126922290923264	0.5217953848644411	0.6305185827298376	-0.2988219580706481
				0.03592939845447475	0.8448065702915176	0.41449321294213337	0.1875126681036094
				0.645934832705214	-0.39979300477350577	9.939948693449983E-4	0.9820963434560355
				0.6239305834763089	-0.17415115712277215	0.6429920236596052	-0.4201310718065492
				0.6234712803066816	-0.1598749921920792	0.8270650646800625	-0.5196839635487286
				0.23600920645694484	0.3830003501892592	0.6330585263115802	-0.32901316117884927
				0.8326462558317849	-0.5936468459258228	0.642127948640629	-0.4128881732632239
				0.8402104164778654	-0.6833571837193703	5.425145824077069E-4	0.9933592218499626
				0.42032086490807397	0.16606223787563298	0.41347253580569066	0.20003590933541962
				0.057905711579253887	0.7610493811198457	0.08009063673820897	0.6827197359998143
