0,8543990568 -0,7656247968
0,0000000000 1,0078757503
0,4512006019 -0,1151549662
0,8234129394 -0,4525624522
0,6520885742 -0,4491934206
0,6187579444 -0,1166130974
0,4101191960 0,2515861719
0,2575190816 0,2543993219
0,0867810084 0,6782125695
0,1893906248 0,6579130721
0,1885968082 0,6632093763
0,2210243339 0,4194100223
0,4250000976 0,0782157790
0,0393172695 0,7783855139
0,0451204974 0,7546602695
0,2366682774 0,3236230589
0,2096692971 0,5011338085
0,2254772887 0,3801902026
0,2305885410 0,3452809470
0,4217255782 0,1025546336
0,6403824942 -0,4028231838
0,6440543781 -0,4277161431
0,2406157353 0,2962208335
0,2180895113 0,4566567481
0,0541614399 0,7374391777
0,4293162857 0,0128411128
0,0585005600 0,7221488235
0,6355234835 -0,3578361084
0,8291900118 -0,5559964620
0,8332824390 -0,6194370978
0,8256928590 -0,4979297765
0,6374795660 -0,3799031740
0,6260785691 -0,2299886728
0,0142486843 0,8882210652
0,4322947120 -0,0134295905
0,0786407472 0,6808379387
0,6217503877 -0,1697585189
0,6307604748 -0,2948281540
0,0185890247 0,8677862290
0,0075489694 0,9227061643
0,4341936382 -0,0299005881
0,4136263700 0,2129983936
0,2092337703 0,5269678169
0,0696314752 0,6946401345
0,6204467385 -0,1491243123
0,0678321041 0,7093072817
0,4381688241 -0,0524509096
0,4454384383 -0,0946956048
0,4268224558 0,0367046348
0,0099943510 0,9028421562
0,6272149052 -0,2477196224
0,8409148622 -0,7166206113
0,4197329094 0,1295827206
0,4111026198 0,2277157378
0,8275484858 -0,5233579592
0,2140862969 0,4653953443
0,2275300499 0,3673688223
0,2015553010 0,5773496541
0,6288097838 -0,2725913420
0,1960135149 0,6090432138
0,0220508963 0,8526204905
0,2435436146 0,2769468427
0,2515860886 0,2745876500
0,0052044126 0,9446357304
0,0331014155 0,8019576128
0,8310415488 -0,5883843675
0,1929033407 0,6274015112
0,2009589666 0,5880893509
0,4149891438 0,1845835776
0,6338632680 -0,3312693532
0,6326192895 -0,3207608573
0,0316650095 0,8067029659
0,0023257692 0,9735914492
0,2045865290 0,5501149158
0,8466866238 -0,7538067279
0,8242532516 -0,4697849480
0,0281588028 0,8340953150
0,8373280321 -0,6735611885
0,6239483662 -0,2015349070
0,6493352005 -0,4456733704
0,1903244349 0,6551816361
0,4171960318 0,1581949552
0,8347012351 -0,6439044221
0,8283987445 -0,5381533886
0,6193953521 -0,1239769360
0,8314820361 -0,5951617622
0,8352236233 -0,6514543017
0,6234393152 -0,1948264860
0,4186360265 0,1430523514
0,8390024839 -0,6895676045
0,2065770469 0,5459143277
0,2548479357 0,2560602246
0,4398033629 -0,0686066977
0,4163168830 0,1754138961
0,8448039151 -0,7375208960
0,4280280694 0,0358837105
0,4425384099 -0,0763487572
0,8526319193 -0,7653990344
0,1931529434 0,6173766433
0,2134661930 0,4762808169
