0,8519084143 -0,7656463779
0,0000000000 1,0105291071
0,8236650086 -0,4517671458
0,4533431800 -0,1150573657
0,6523537494 -0,4503814739
0,6189390455 -0,1223733552
0,4105425928 0,2409712095
0,2599777632 0,2501299314
0,0825153700 0,6807031970
0,1830055596 0,6805062927
0,4160058238 0,1702519291
0,6286712838 -0,2749635507
0,0361131341 0,7923069654
0,6443758709 -0,4280116108
0,2011920139 0,5645166087
0,6269954013 -0,2471447753
0,6386985278 -0,3868901821
0,0194927511 0,8631218584
0,4250180556 0,0640407557
0,2245456069 0,3905105859
0,6308083423 -0,2996931434
0,0626076920 0,7078307431
0,6207547460 -0,1542616075
0,8390992951 -0,6981307839
0,0497385411 0,7397043420
0,1984022889 0,5862440551
0,2103556314 0,4934122035
0,0248163947 0,8437354833
0,1861799090 0,6614391454
0,4140588632 0,1977964963
0,2213357162 0,4137238728
0,6413558398 -0,4072063382
0,6324601531 -0,3222332481
0,4276410993 0,0365203523
0,4313762902 -0,0032855002
0,1955042532 0,6070693037
0,0023149541 0,9665521472
0,2184466599 0,4309250294
0,6233961224 -0,1951053588
0,0063545634 0,9327625463
0,8264173735 -0,5099947017
0,2153454037 0,4529364236
0,2132443422 0,4710035883
0,6362367526 -0,3594326916
0,4125829324 0,2170496619
0,4197829674 0,1237563053
0,2075813386 0,5132876668
0,0414024949 0,7690711561
0,8342197546 -0,6374453016
0,2269662417 0,3701092197
0,4369161033 -0,0497258937
0,2501220556 0,2621526959
0,1896712922 0,6403981166
0,2452215311 0,2764269786
0,4338560161 -0,0257672029
0,4289185859 0,0199288461
0,8276596967 -0,5342928059
0,4219622843 0,0976968111
0,0452680464 0,7612654078
0,6220119317 -0,1738862843
0,8300605298 -0,5725506705
0,8324145149 -0,6129910552
0,2296129413 0,3512554001
0,1930923819 0,6271716348
0,8314703114 -0,5970071941
0,4473223102 -0,1036388502
0,6343294609 -0,3452314691
0,4411096430 -0,0788571565
0,2410171256 0,2915309906
0,2327103598 0,3360717342
0,0324856978 0,8100106667
0,0157626392 0,8817987892
0,0096679475 0,9104286729
0,8423718030 -0,7255126852
0,0714197004 0,6893160443
0,0285642629 0,8202697648
0,8252565680 -0,4883488496
0,2361369938 0,3208325432
0,4233603474 0,0838173185
0,2044655666 0,5398740425
0,2387210878 0,3074611005
0,6505674599 -0,4474503380
0,0118830559 0,9019414325
0,4184991077 0,1408192279
0,4396561059 -0,0633126740
0,0691905044 0,6948549555
0,8245477943 -0,4726719760
0,8287837953 -0,5526344501
0,6190939315 -0,1248901019
0,0559207875 0,7223308677
0,8438516141 -0,7364534842
0,2053405395 0,5331578347
0,2563413829 0,2506081350
0,8486829263 -0,7622257514
0,0040096462 0,9516072823
0,6250866517 -0,2236483549
0,6249400020 -0,2193074770
0,8367993765 -0,6702371449
0,8356436802 -0,6563812024
0,0542783675 0,7252788790
