0,8505276441 -0,7339307240
0,0000000000 1,0637032605
0,6531593019 -0,4226169636
0,8245517343 -0,4233465018
0,4503428917 -0,0648831949
0,6185495933 -0,0659071672
0,4095697438 0,2996717300
0,2561447957 0,3012342293
0,1805920812 0,7191109112
0,0923552407 0,7388413732
0,1778858944 0,7333796432
0,2050113562 0,6289699952
0,2182807169 0,4792341361
0,2056184643 0,5643741668
0,0540437725 0,7847311737
0,0427969839 0,8144911472
0,2170599358 0,5057929775
0,4339904712 0,0391739804
0,2249346151 0,4380344247
0,6281197283 -0,2206101172
0,4183172057 0,1739093347
0,6320244030 -0,2787933971
0,2405805117 0,3426454525
0,6292016177 -0,2485191001
0,6413868590 -0,3559538728
0,4263181131 0,0911653080
0,4412562702 -0,0256759484
0,4164729679 0,2156247499
0,6359023604 -0,3291995464
0,8297096327 -0,5261214824
0,6230750978 -0,1478804450
0,0616496399 0,7756560453
0,6269907791 -0,1846184052
0,8375210031 -0,6439893444
0,4204492783 0,1555219228
0,2336752875 0,3982744150
0,2461384083 0,3168069534
0,4375390652 0,0081525439
0,0207125985 0,9173486604
0,8397487726 -0,6724549489
0,0082465699 0,9867037154
0,0190812276 0,9361074278
0,6439651064 -0,3760386899
0,1938156870 0,7056376456
0,8317227598 -0,5705841021
0,1973460962 0,6531659825
0,6186077676 -0,0691742490
0,8304423618 -0,5490469669
0,6457114179 -0,3970547443
0,4493496239 -0,0435556624
0,0037130955 1,0120193895
0,8339666057 -0,5955732637
0,6353552414 -0,3072300582
0,8442974444 -0,6970358324
0,0362226514 0,8425702110
0,0693453649 0,7582092988
0,6255976195 -0,1687569740
0,4159132325 0,2306371988
0,1955426182 0,6828324569
0,0095767327 0,9723341477
0,4259260563 0,1265035550
0,4115432218 0,2614422686
0,6207895174 -0,1188223095
0,0807825096 0,7409437715
0,4096828298 0,2886880779
0,0300076553 0,8819157332
0,0389534410 0,8288242143
0,4381971520 -0,0053043967
0,6490580443 -0,4131414271
0,4288706659 0,0630580531
0,2356829455 0,3666009912
0,4240662464 0,1298048550
0,2008846723 0,6451977783
0,2301385148 0,4101905241
0,4140484454 0,2548577266
0,0311560304 0,8581652098
0,0016630206 1,0249642742
0,0258216607 0,8970445159
0,8245672060 -0,4300424580
0,2094879196 0,5562151313
0,8259096484 -0,4589860459
0,2499224853 0,3075548574
0,0008947359 1,0479330922
0,2378344178 0,3663600208
0,8425326516 -0,6855515160
0,4283645678 0,0680371154
0,2100762258 0,5294159198
0,8357472472 -0,6178381553
0,8269776145 -0,4872272446
0,8259363921 -0,4649715778
0,2292176335 0,4331010067
0,0751106211 0,7441286989
0,8357980614 -0,6242479258
0,0108488887 0,9474924397
0,6201029868 -0,1181870558
0,1940679307 0,6903883006
0,0699877794 0,7481813606
0,0269950353 0,8914546697
0,8275587483 -0,4965838008
0,8469561952 -0,7222896923
