0,8517927626 -0,7725442941
0,0000000000 1,0003420576
0,6533849940 -0,4580163155
0,8241043845 -0,4648997947
0,6183819895 -0,1221406369
0,4098599941 0,2411833356
0,4518040498 -0,1196121069
0,2592203987 0,2452976772
0,0831460688 0,6748210222
0,1876603422 0,6427963515
0,4203801547 0,1029368371
0,2267143995 0,3868187428
0,0511649760 0,7361343722
0,0430810920 0,7517295274
0,2023550780 0,5672633405
0,6386140081 -0,3912646647
0,6228563051 -0,1946281907
0,8390806394 -0,6995715255
0,6306541225 -0,2955047972
0,2334375848 0,3435456809
0,2124028089 0,4693814474
0,4298224983 0,0246562392
0,2360476465 0,3120286691
0,2271139040 0,3537749237
0,6357090374 -0,3649559975
0,6252389363 -0,2321688430
0,4184592940 0,1422579265
0,4422897551 -0,0753881948
0,0765405601 0,6875452421
0,0641372729 0,6909909068
0,6328857621 -0,3225516659
0,0100318902 0,9020447969
0,2208955710 0,4118384084
0,8261564328 -0,5085750575
0,2039405476 0,5336550725
0,0199066196 0,8653342596
0,2470886426 0,2662099297
0,4144156321 0,1793199421
0,4235333406 0,0788754095
0,4446266591 -0,1016753841
0,8295807395 -0,5556990394
0,8456282118 -0,7530810150
0,0426884817 0,7840095715
0,4124787359 0,2120611427
0,8353610190 -0,6277548946
0,6455293537 -0,4408017771
0,2169256976 0,4444625642
0,6343460341 -0,3429507989
0,2111743540 0,4992016612
0,8423038670 -0,7304044618
0,0043631116 0,9535886246
0,2428421889 0,2806336151
0,1932776287 0,6055596068
0,4388617070 -0,0508567075
0,2528542557 0,2481674062
0,0568716327 0,7111959675
0,6276112513 -0,2579388486
0,2396283139 0,2975287958
0,4170368667 0,1529710333
0,0055899094 0,9307926036
0,8329988468 -0,6209319299
0,6283122635 -0,2713806816
0,0239396965 0,8315160289
0,8311147343 -0,5925545699
0,0221633254 0,8415349885
0,6223705102 -0,1713809151
0,1917890556 0,6235379207
0,2181885003 0,4232452882
0,0139301425 0,8777559901
0,8309163032 -0,5823330588
0,8357556748 -0,6667425716
0,0302225479 0,8040495147
0,0010035400 0,9751647328
0,4327056059 -0,0211456186
0,4318011125 -0,0011236955
0,8246160806 -0,4745938089
0,8403138372 -0,7167705172
0,0357094935 0,7872032280
0,4139165617 0,1995548942
0,6210681561 -0,1564034233
0,0596084744 0,7075586603
0,6419445065 -0,4139667087
0,2048939743 0,5191666168
0,4282605680 0,0670085074
0,2092423587 0,5102576222
0,6430784762 -0,4198849679
0,4508362578 -0,1191962253
0,6196167069 -0,1376876514
0,0135409741 0,8923301975
0,8274078554 -0,5309426069
0,1980792245 0,5859128926
0,4300367418 0,0116872987
0,1977325332 0,5894702499
0,8282900371 -0,5365130048
0,0336838486 0,8023800067
0,4349402492 -0,0331758660
0,0004065701 0,9845849213
0,4369509386 -0,0402281158
0,0049720294 0,9361276214
0,6251790128 -0,2219084489
