0,8516045050 -0,7733470278
0,0000000000 1,0000000000
0,0000000000 1,0000000000
0,6527951193 -0,4580548777
0,8234219941 -0,4583076165
0,6184924518 -0,1239770488
0,4541479311 -0,1238083133
0,4094770605 0,2419500189
0,2576560931 0,2426182015
0,1833717462 0,6632748916
0,0840871037 0,6697147539
0,2317689041 0,3264655130
0,4203801547 0,1029368371
0,6246856621 -0,2264611947
0,6229028946 -0,1997477266
0,0351621259 0,7810737483
0,2008053478 0,5533416564
0,6211368890 -0,1688499434
0,0743552961 0,6753214949
0,1876603422 0,6427963515
0,0098258777 0,8987648322
0,4112157042 0,2169141126
0,6455293537 -0,4408017771
0,0221488992 0,8370012034
0,6354119194 -0,3651320171
0,0407409000 0,7610909163
0,8265168224 -0,5179999502
0,4445635413 -0,1024115042
0,2152076291 0,4399871122
0,4179893454 0,1322280508
0,4262349970 0,0416643255
0,2359925670 0,3018760010
0,2230776634 0,3803404778
0,2069818225 0,5015952872
0,6268480884 -0,2577949264
0,2207714992 0,4008673512
0,0453792702 0,7441895617
0,8357556748 -0,6667425716
0,0554796642 0,7109046206
0,2446063842 0,2651659340
0,8452067570 -0,7540270267
0,0139244620 0,8771882615
0,2180320715 0,4230400144
0,4355524566 -0,0502209942
0,8379086130 -0,6927876484
0,4405193980 -0,0805392888
0,6418916020 -0,4217085982
0,0060257025 0,9217721604
0,0286174445 0,8124069902
0,2522153869 0,2470004747
0,8248923166 -0,4874993804
0,1917826187 0,6183998037
0,0013986633 0,9631475377
0,0641372729 0,6909909068
0,8418627955 -0,7317126229
0,6328270342 -0,3365495474
0,4323051816 -0,0243870385
0,0040568143 0,9365536976
0,2121598466 0,4671361897
0,6378105771 -0,3844509234
0,8275609033 -0,5400131758
0,6396864135 -0,4027234666
0,8343959724 -0,6477044153
0,8294387516 -0,5704239160
0,6279695466 -0,2735874403
0,8328650607 -0,6270609623
0,2103193591 0,4764084656
0,4229732249 0,0738235864
0,0302225479 0,8040495147
0,4133832477 0,1898459739
0,0177529065 0,8589797472
0,1932776287 0,6055596068
0,0500220904 0,7279124642
0,4281153239 0,0177857885
0,2271139040 0,3537749237
0,2037796096 0,5274394898
0,8403138372 -0,7167705172
0,8311699297 -0,6002278198
0,1977775123 0,5791846705
0,4237471787 0,0648429026
0,0612112689 0,6954441339
0,4494552273 -0,1191708013
0,6318885381 -0,3251470064
0,2395406072 0,2877708787
0,4294444317 0,0045569553
0,1962216530 0,5836182653
0,6295974481 -0,2974864456
0,2264834711 0,3581660257
0,4311907410 -0,0120040133
0,4164546627 0,1509522513
0,8287442598 -0,5598440838
0,2419028437 0,2773064264
0,4381509596 -0,0654503759
0,4144156321 0,1793199421
0,8490069376 -0,7686083791
0,4161544315 0,1629537345
0,2048939743 0,5191666168
0,6303606808 -0,3041364376
0,6194851197 -0,1407159251
0,8316093308 -0,6067522406
