0,8516147078 -0,7728811847
0,0000000000 1,0003420576
0,8236686254 -0,4580607305
0,6533849940 -0,4580163155
0,4097974861 0,2414704166
0,2595612105 0,2436047241
0,0821470869 0,6709809167
0,1860433232 0,6708927926
0,6194851197 -0,1407159251
0,4548623298 -0,1227593374
0,4537209415 -0,1216544210
0,4294444317 0,0045569553
0,4262924157 0,0431013501
0,6304702702 -0,3026584800
0,4327056059 -0,0211456186
0,2332736890 0,3305169399
0,0500220904 0,7279124642
0,2018947318 0,5661013704
0,0357094935 0,7872032280
0,0641372729 0,6909909068
0,0100318902 0,9020447969
0,8379943799 -0,6924553412
0,4114181952 0,2197381687
0,2169256976 0,4444625642
0,0747172502 0,6761840197
0,1976597459 0,5858782120
0,2360418635 0,3057168752
0,4355524566 -0,0502209942
0,2250067769 0,3969261517
0,8452067570 -0,7540270267
0,2092423587 0,5102576222
0,8357556748 -0,6667425716
0,0168621031 0,8643251472
0,2470886426 0,2662099297
0,6328321267 -0,3327052953
0,2039405476 0,5336550725
0,8272645106 -0,5305605843
0,6283122635 -0,2713806816
0,0430810920 0,7517295274
0,6357090374 -0,3649559975
0,4173157288 0,1391932926
0,0139301425 0,8777559901
0,6228563051 -0,1946281907
0,2181885003 0,4232452882
0,0407409000 0,7610909163
0,6455293537 -0,4408017771
0,0302225479 0,8040495147
0,6419602584 -0,4211320202
0,0047365625 0,9379375781
0,1932776287 0,6055596068
0,4446266591 -0,1016753841
0,1876603422 0,6427963515
0,1917890556 0,6235379207
0,2528542557 0,2481674062
0,8262681453 -0,5098929934
0,0221633254 0,8415349885
0,2264834711 0,3581660257
0,2103193591 0,4764084656
0,0064580943 0,9236350991
0,4133832477 0,1898459739
0,4170368667 0,1529710333
0,6384506440 -0,3917273595
0,2124028089 0,4693814474
0,8344621978 -0,6462098569
0,6269848990 -0,2569489932
0,8421619023 -0,7315923288
0,8248865397 -0,4860134778
0,4144156321 0,1793199421
0,4229732249 0,0738235864
0,8311147343 -0,5925545699
0,0013986633 0,9631475377
0,4203674548 0,1078742995
0,6251790128 -0,2219084489
0,2271139040 0,3537749237
0,8403138372 -0,7167705172
0,0270157282 0,8195866686
0,2207714992 0,4008673512
0,0554796642 0,7109046206
0,0008659141 0,9725256040
0,8287942919 -0,5576538180
0,4203801547 0,1029368371
0,2395406072 0,2877708787
0,6252389363 -0,2321688430
0,6342606135 -0,3479527910
0,8321724796 -0,6132800175
0,0596084744 0,7075586603
0,6211368890 -0,1688499434
0,8328650607 -0,6270609623
0,4241599821 0,0670499251
0,2428421889 0,2806336151
0,4381509596 -0,0654503759
0,6400327878 -0,4020368551
0,4405193980 -0,0805392888
0,8300165498 -0,5645414319
0,2048939743 0,5191666168
0,6501401172 -0,4548788441
0,0239396965 0,8315160289
0,1868272349 0,6621956687
0,6217544085 -0,1771019837
0,4526613255 -0,1213391768
