0,8385604043 -0,4892051777
0,0672755230 1,0063930458
0,0134972719 1,1993122716
0,8388061831 -0,4917165222
0,8314237576 -0,3907670495
0,0291923988 1,0820391645
0,6302334344 -0,0863494368
0,0531314791 1,0107674703
0,2589080794 0,4983222766
0,0054153933 1,2225877898
0,8368104333 -0,4853227494
0,6531170082 -0,2806540595
0,2219726487 0,6696434165
0,0416710013 1,0546481654
0,4242117826 0,2766249446
0,0683799062 0,9892325107
0,8406677389 -0,5208482528
0,8401483050 -0,4964127205
0,8305008521 -0,3871516056
0,6471634488 -0,2778451809
0,2217946138 0,6763784281
0,1857268037 0,9368734923
0,4137258360 0,4345926663
0,6515642850 -0,2780321035
0,4222335283 0,2865594603
0,6218938827 0,0539239648
0,4172948660 0,3676489995
0,2615112876 0,4841450125
0,0143605034 1,1807058784
0,4259611743 0,2433810516
0,2331231320 0,5561291177
0,0045927711 1,2295449123
0,4131304385 0,4636216993
0,0324255126 1,0583036164
0,6385705808 -0,1726237307
0,4159606400 0,4098342504
0,8315925286 -0,4359004971
0,0195641223 1,1336039863
0,0013535042 1,2414717657
0,0903170112 0,9428570537
0,6324273489 -0,1590308945
0,0138568962 1,1982539802
0,2379366561 0,5062968025
0,6203410637 0,1035950214
0,1898051025 0,8726451161
0,2292284362 0,6354338489
0,8225676890 -0,2988871635
0,2091444994 0,8188832698
0,4312493130 0,2190572287
0,0000000000 1,2864863304
0,0842974914 0,9877688361
0,4385791515 0,1099993870
0,4334863203 0,1884068708
0,6412682987 -0,2420928911
0,2092735172 0,7282307358
0,0012584024 1,2432444494
0,8486247524 -0,6198585165
0,8418769070 -0,5779915535
0,0108909933 1,2113155770
0,0861740249 0,9554062920
0,8261987206 -0,3617657686
0,8517002329 -0,6226215841
0,8332064795 -0,4739242115
0,6209425756 0,0824341486
0,8433825492 -0,5922644187
0,0006182236 1,2521247542
0,8430151593 -0,5917969058
0,2203314278 0,6865280832
0,8411839492 -0,5550452831
0,6265939137 -0,0251404597
0,6222612164 0,0187429556
0,8275278554 -0,3679062724
