1,0000000000 1,8114283892
0,0000000000 3,7469066424
0,8782446525 1,9339220397
0,7189862652 2,1089135400
0,7000519738 2,1301577577
0,0351744355 3,3882069068
0,0027815060 3,6458871610
0,9771696057 1,8351343834
0,1035236235 3,1258627232
0,9549833225 1,8567251605
0,6859880177 2,1444553452
0,5494445464 2,3158678622
0,8329969909 1,9832523941
0,8619931751 1,9520879391
0,0644187272 3,2603039681
0,3633088743 2,5806789236
0,0427796876 3,3502066933
0,0571606542 3,2881697329
0,7322619734 2,0927622885
0,1893188014 2,9130297995
0,4099780364 2,5103643544
0,2592365712 2,7646637826
0,0488465149 3,3223763815
0,5964374832 2,2553194113
0,6153375725 2,2350392252
0,4240256865 2,4883593356
0,8962915486 1,9160767103
0,8473034748 1,9677615029
0,2512109837 2,7918589798
0,2092122894 2,8688111003
0,0119965908 3,5378603369
0,1790544832 2,9377409336
0,2222286707 2,8447552022
0,1674152877 2,9559783367
0,8149164164 2,0009057271
0,6689777799 2,1659826643
0,1151251690 3,0964423150
0,2002867416 2,8880503844
0,3239550616 2,6742162986
0,5869762073 2,2699152947
0,4936366818 2,3889613721
0,3777533854 2,5646032321
0,3082651592 2,6832436906
0,6523058743 2,1858362939
0,7560816861 2,0667411831
0,0201765179 3,4758624588
0,0088391002 3,5680430580
0,3981450328 2,5289566365
0,4787142442 2,4081179204
0,1580854084 2,9816018581
0,2957704675 2,7001122194
0,0168758502 3,4981335649
0,5153617296 2,3584942976
0,3925684468 2,5565634416
0,9381679791 1,8742388446
0,7938802487 2,0277767949
0,7755253267 2,0461551090
0,0728306326 3,2257922729
0,9273508085 1,8846372486
0,2383115725 2,8107845067
0,4356339147 2,4718980906
0,5707739244 2,2882353479
0,5039634716 2,3756321831
0,1212295493 3,0772454960
0,7503129495 2,0777496811
0,0262969290 3,4361956928
0,5344493222 2,3367231640
0,0054006246 3,6052649775
0,1477869784 3,0193175641
0,5631606557 2,2963748117
0,9080771502 1,9042211740
0,2723170337 2,7425867467
0,1352521546 3,0427475147
0,8045069852 2,0118229955
0,3500146046 2,6035660091
0,2918641709 2,7293576365
0,6423395674 2,1979954261
0,3310721979 2,6447492112
0,0283779475 3,4217102066
0,2317967612 2,8277205731
0,0007605933 3,6981371691
0,4702967040 2,4235278618
0,1309691572 3,0546782308
0,3391118784 2,6381489853
0,4473960883 2,4604562723
0,5277852465 2,3439689403
0,6318343210 2,2116642507
0,1500187804 3,0017929040
0,9931953146 1,8195949967
0,4604176497 2,4344723021
0,3457624171 2,6137668185
0,6235373775 2,2193091489
0,0829679526 3,1953185395
0,7808554026 2,0404633902
0,0876887103 3,1758850465
0,4534788306 2,4472748373
0,2772039780 2,7309169319
0,0776994343 3,2117841465
0,0004754395 3,7060165489
0,0947006523 3,1578972409
