1,0000000000 1,8130990210
0,0000000000 3,7486937414
0,4784800892 2,4165037137
0,8015075967 2,0241471688
0,0491174849 3,3225128274
0,8149164164 2,0009057271
0,8329969909 1,9832523941
0,3790092154 2,5790589408
0,6347656226 2,2227866297
0,7456402356 2,0991093855
0,4936366818 2,3889613721
0,0427937143 3,3605174632
0,4439411800 2,4663459128
0,5393645350 2,3289000273
0,7050121762 2,1357738152
0,1673612846 3,0062210666
0,2592365712 2,7646637826
0,5704217843 2,2998744915
0,5587512902 2,3117899811
0,8967660843 1,9346201038
0,8488773568 1,9695355156
0,1033593227 3,1397103471
0,7812751603 2,0427980240
0,0088391002 3,5680430580
0,0121924234 3,5448801283
0,4006483146 2,5420158598
0,8686984577 1,9506250522
0,0168758502 3,4981335649
0,0351744355 3,3882069068
0,1364409815 3,0495319683
0,0584994261 3,2869566635
0,3500146046 2,6035660091
0,4283845028 2,4968227589
0,3239550616 2,6742162986
0,5873712231 2,2771706778
0,3543253074 2,6019811947
0,3082651592 2,6832436906
0,6876757460 2,1509557119
0,1893188014 2,9130297995
0,1019635521 3,1856829220
0,1984483453 2,8956441452
0,3349799840 2,6463037497
0,3827049047 2,5624080118
0,5277852465 2,3439689403
0,2297830566 2,8458184523
0,2957704675 2,7001122194
0,9576252093 1,8657838300
0,0006642123 3,7029752569
0,9720080313 1,8449266463
0,9119372811 1,9042614596
0,5172618226 2,3647595210
0,2501489548 2,8141554019
0,1722710858 2,9815017998
0,7221940455 2,1166531753
0,6706266414 2,1668412409
0,7733320763 2,0557012531
0,2317967612 2,8277205731
0,6128719800 2,2429303274
0,5094890526 2,3833360405
0,0314505821 3,4229204769
0,6544131847 2,1951869310
0,4117033073 2,5110516177
0,0268649884 3,4418734773
0,2723170337 2,7425867467
0,2512109837 2,7918589798
0,1158697202 3,1142568925
0,2918641709 2,7293576365
0,0047730859 3,6236888395
0,7569679283 2,0672817220
0,2182956245 2,8797408974
0,9282846705 1,8848615957
0,9815629668 1,8364297665
0,0051028542 3,6167421459
0,1790544832 2,9377409336
0,0759831702 3,2214858504
0,6283642625 2,2382564268
0,0726856930 3,2521988290
0,0892073991 3,1918559106
0,4357933741 2,4762658809
0,8993998816 1,9209893866
0,4613095070 2,4369475031
0,0201765179 3,4758624588
0,6547606223 2,1926284142
0,6018157731 2,2572805107
0,8619931751 1,9520879391
0,1760961210 2,9502670884
0,0845262263 3,2125705753
0,0648242386 3,2696031095
0,2176086961 2,8884041745
0,7503129495 2,0777496811
0,1234411518 3,0798900320
0,7192694200 2,1204752247
0,4086716000 2,5274114055
0,1467200031 3,0263751054
0,2772039780 2,7309169319
0,9240499983 1,8937999492
0,3314213997 2,6467027450
0,1227492045 3,0969743137
0,5922914452 2,2609965558
0,9429357056 1,8683469607
