0,0759950856 9,7078160091
0,0602677161 9,7442186769
0,0018146302 10,1942633072
0,0171356864 9,9399040513
0,0115383543 10,0733788550
0,1143967656 9,4708843038
0,1637412740 9,0357531427
0,1240274680 9,2787431655
0,4199140081 8,1446903395
0,1761234897 9,0038679821
0,1667140378 9,0268174565
0,1779903446 8,9833693927
0,0139923275 10,0195829807
0,0028965539 10,1434107789
0,4172763699 8,2922066713
0,0000000000 10,3756869228
0,4023286178 8,3108806295
0,4196200722 8,1948736889
0,1206024374 9,4170856455
0,2686798622 8,7754118743
0,4604762630 8,0817726122
0,2896864947 8,6162391783
0,2443469912 8,8563983649
0,3647365384 8,4322999904
0,2659295148 8,7978839401
0,5062859940 8,0517231983
0,4489416963 8,1357757092
0,0012807299 10,3531395746
0,1242978169 9,1406208439
0,0316757934 9,8580876390
0,2357233149 8,9256716020
0,3648086211 8,4205354704
0,0185141796 9,8962976221
0,0805940330 9,4889405215
0,3852980629 8,3490464165
0,1429895501 9,0397487256
0,3580472831 8,5033302186
