0,1667482496 3,0113424728
0,1623945872 3,0234253768
0,0357345511 3,4874546259
0,0498700872 3,3756055850
0,0788768022 3,2471719905
0,0257423822 3,4971147856
0,2341628041 2,8543148022
0,2955734098 2,7980646645
0,3042486904 2,7228492457
0,0645143653 3,3147361159
0,3023779372 2,7694947124
0,1275628646 3,1344856502
0,1066879663 3,1635199824
0,1510776751 3,0293872980
0,3997730320 2,5528947163
0,0845262263 3,2125705753
0,2559064185 2,8059663972
0,1053159092 3,1800209497
0,4520374652 2,5207675581
0,0411738965 3,3900523625
0,3069617140 2,7189428097
0,3239550616 2,6742162986
0,1991783361 2,9704337501
0,5081378808 2,4129076512
0,3434514534 2,6555064820
0,0028174125 3,7187450162
0,4729429218 2,4423448187
0,2211204400 2,8879264051
0,3024415300 2,7285982832
0,3953514722 2,5697010200
0,4006483146 2,5420158598
0,8150757248 2,0198227438
0,6721657128 2,2166602306
0,6314767130 2,2407598356
0,4656206656 2,4505759660
0,6173620975 2,2818543940
0,0090387010 3,6957242488
0,5361502483 2,3924274044
0,5707556572 2,3490265070
0,3785674997 2,6094641781
0,8277470969 2,0152757522
0,8308673750 2,0076877809
0,5726180882 2,3376726030
0,8904634207 1,9710789542
0,6867679620 2,2125992255
0,6685188569 2,2270859825
0,6288672214 2,2620502241
0,6159042295 2,2969370731
0,6880701627 2,1779121960
0,1328951848 3,0940439743
0,8568333203 1,9744728369
0,1507330536 3,0599330581
0,8918429805 1,9691419475
0,3699574073 2,6417888602
0,6868369144 2,1927332102
0,2000492992 2,9079286312
0,1314539767 3,1013772073
0,0021115763 3,7271430833
0,5612648779 2,3831820909
0,7909884717 2,0475899882
0,9595985905 1,8977074849
0,8929083904 1,9446227915
0,0157827224 3,5479814017
0,2553925909 2,8133317964
0,6428535360 2,2383003920
0,7755641811 2,0819813661
0,0105989480 3,5951118684
0,0370911857 3,4042380911
0,6905317782 2,1570593332
0,7207797203 2,1188605625
0,0549325011 3,3165598582
0,0230814074 3,5118409781
0,4627321137 2,5008371457
0,0003304054 3,7473224422
0,6728269111 2,2146026212
0,0738383076 3,2741160406
0,9622747945 1,8670076759
0,9429134798 1,9093702570
0,0000000000 3,7675179824
0,9519022558 1,8986650192
0,4781060760 2,4352129954
