1,0000000000 9,0531398226
0,0000000000 12,6215142616
0,4309034781 10,3025232375
0,2593787849 10,8986601057
0,4122298599 10,3436064134
0,0505314740 11,9260522817
0,3695868718 10,5513015291
0,0953664268 11,5963468107
0,1515614703 11,3736639337
0,3455043692 10,5597760739
0,6108992886 9,9115187795
0,9825679527 9,0983960668
0,2274871001 10,9649927737
0,7445149510 9,6003600279
0,0018041554 12,5228598596
0,2422262656 10,9291601658
0,1065854990 11,5124325632
0,0325028459 11,9853728534
0,8622021338 9,4244133509
0,4887599181 10,2285027434
0,2136672891 11,0082568032
0,3219392858 10,6852111021
0,5287327795 10,0598572816
0,9710566203 9,1467957724
0,7372542345 9,6663934100
0,1782353575 11,2186433720
0,3832914495 10,5045617619
0,0055135142 12,3824943204
0,1209492731 11,4225014818
0,4563288060 10,2473734935
0,1357444419 11,3994386609
0,5001814692 10,1793975373
0,0760356547 11,6744315251
0,1519354485 11,2721292607
0,7726732703 9,5789977124
0,1885587398 11,1505421769
0,9079133398 9,3294574998
0,0040471433 12,4554963348
0,6445832968 9,8495875561
0,2955105205 10,8297291264
0,0658013608 11,7088658267
0,5754492588 10,0138234384
0,0074205896 12,3065368719
0,1585755862 11,2421711938
0,0944361044 11,6542715100
0,4562995869 10,2716587651
0,9102856529 9,2628229525
0,8362403497 9,4416772194
0,6984110972 9,7338694642
0,1206743142 11,5065266512
0,5901166494 9,9779954913
0,6057272878 9,9213884956
0,6880799540 9,7599125199
0,5515874057 10,0169240180
0,4054028221 10,4060249133
0,0549184879 11,8744225704
0,6715699228 9,8231674687
0,2742026647 10,8463832715
0,0634772080 11,7788609021
0,7189389529 9,7287744138
0,8171368061 9,5134714180
0,9192030825 9,2247199796
0,0242393876 12,1448086597
0,0267423223 12,0787439927
0,9563722912 9,1688697450
0,7984376207 9,5479430380
0,8757911362 9,4045370610
0,9357517365 9,2196731661
0,5156909124 10,1232883816
0,7209099276 9,6797281182
0,3869697174 10,4517858560
0,8863823467 9,3316899659
0,0574173908 11,8135031514
0,5446083091 10,0422103167
0,9433454090 9,1796966968
0,6527611751 9,8458590502
0,6772535381 9,7973372703
0,7654159814 9,5863224142
0,2001830088 11,1243539334
0,2988572463 10,7550819127
0,3072709122 10,6940488072
0,0319840945 12,0392611631
0,3953157758 10,4203748573
0,8791641897 9,3536403110
0,2118008964 11,0770420250
0,5200358093 10,1191155493
0,8195975002 9,4811052251
0,9987639653 9,0638978866
0,7999979315 9,5451966890
0,0133011651 12,2625970688
0,8341492299 9,4658616934
0,0153147456 12,2354716175
0,2797506289 10,8367194375
0,6442077798 9,9025715035
0,2989575423 10,7215610407
0,4895714928 10,1881190099
0,2047570995 11,0868808081
0,0168532651 12,1821601510
0,3283747851 10,5956712977
