1,0000000000 1,8125715304
0,0000000000 3,7485881153
0,5159430534 2,3614623460
0,3651780223 2,5861013336
0,0351744355 3,3882069068
0,1352521546 3,0427475147
0,4357933741 2,4762658809
0,8329969909 1,9832523941
0,6701924202 2,1665987073
0,7330078602 2,0927665356
0,0427796876 3,3502066933
0,5393645350 2,3289000273
0,1706406604 2,9658739047
0,4099780364 2,5103643544
0,2592365712 2,7646637826
0,5704217843 2,2998744915
0,4534788306 2,4472748373
0,5587512902 2,3117899811
0,8812823170 1,9364696035
0,1790544832 2,9377409336
0,6870906552 2,1450628408
0,3500146046 2,6035660091
0,0574795917 3,2913789096
0,8488773568 1,9695355156
0,0491174849 3,3225128274
0,1158697202 3,1142568925
0,2155773199 2,8696484655
0,9799268307 1,8321666373
0,2317967612 2,8277205731
0,1050469132 3,1494434740
0,8993998816 1,9209893866
0,4283845028 2,4968227589
0,7569679283 2,0672817220
0,3239550616 2,6742162986
0,9654540927 1,8479921469
0,4781299375 2,4140526408
0,5873712231 2,2771706778
0,3082651592 2,6832436906
0,3310721979 2,6447492112
0,6128719800 2,2429303274
0,3981450328 2,5289566365
0,1893188014 2,9130297995
0,0010760450 3,7147089955
0,0168758502 3,4981335649
0,0201765179 3,4758624588
0,0694572689 3,2507813339
0,1234411518 3,0798900320
0,7038441444 2,1291953694
0,2957704675 2,7001122194
0,3433905313 2,6317469946
0,0016799721 3,6699713082
0,8149164164 2,0009057271
0,1613520383 2,9952623166
0,9080771502 1,9042211740
0,0878872520 3,1808674205
0,2501489548 2,8141554019
0,2222286707 2,8447552022
0,6523058743 2,1858362939
0,7503129495 2,0777496811
0,6318343210 2,2116642507
0,4949726395 2,3881363002
0,0047730859 3,6236888395
0,0271016905 3,4390667203
0,0088391002 3,5680430580
0,7812751603 2,0427980240
0,1467200031 3,0263751054
0,2723170337 2,7425867467
0,0776994343 3,2117841465
0,6235373775 2,2193091489
0,2512109837 2,7918589798
0,2918641709 2,7293576365
0,0285980790 3,4221750042
0,6476790757 2,1953010799
0,0947006523 3,1578972409
0,4604176497 2,4344723021
0,0646508762 3,2650141546
0,0058359047 3,6079025370
0,3925684468 2,5565634416
0,9282846705 1,8848615957
0,5277852465 2,3439689403
0,1500187804 3,0017929040
0,2002867416 2,8880503844
0,9240499983 1,8937999492
0,3815979504 2,5590695727
0,6018157731 2,2572805107
0,8085593523 2,0129844054
0,8619931751 1,9520879391
0,7938802487 2,0277767949
0,9458275732 1,8673739976
0,7221940455 2,1166531753
0,8686984577 1,9506250522
0,9429357056 1,8683469607
0,2772039780 2,7309169319
0,0799746503 3,2029861958
0,1227492045 3,0969743137
0,5922914452 2,2609965558
0,1984483453 2,8956441452
0,0121924234 3,5448801283
0,7192694200 2,1204752247
0,4936366818 2,3889613721
