0,0613366009 9,4256329930
0,4724178605 7,9745724515
0,5108347966 7,8457031399
0,4869532811 7,9165713452
0,0557984492 9,4389589138
0,0360636097 9,5002401182
0,0449860833 9,4703077571
0,4762079596 7,9413542103
0,0359222936 9,5791896022
0,5027161782 7,8999514976
0,5057179860 7,8528988847
0,2347740571 8,6424188234
0,2213177752 8,6582283384
0,5224214235 7,8332832659
0,1333323750 8,9509583208
0,5596028407 7,7435877604
0,5519106747 7,7998610502
0,5555647419 7,7507717462
0,5929901698 7,6238146167
0,1047209928 9,0783460027
0,1002733529 9,1925781585
0,1029984076 9,1726059701
0,5919836502 7,6393094330
0,0000000000 10,0718159145
0,5523434870 7,7519548513
0,0008551773 10,0085237416
0,0078158995 9,8112785666
0,5858418386 7,7040858394
0,5902525081 7,6457290030
0,1717650492 8,8155165320
0,1893449465 8,7483777653
0,1718764412 8,7645633407
0,0049071344 9,8700576599
0,5299962974 7,8116262486
0,0003256797 10,0553628454
0,1257169284 8,9823664701
0,0331072414 9,5795216546
0,6474921589 7,5221630585
0,1084377582 9,0400900438
0,0127945490 9,7174932102
0,6590896752 7,5043715705
0,0770900118 9,2622667980
0,0019813913 9,9442866272
0,1482199838 8,9327109532
0,0761133571 9,3079422433
0,1571545177 8,8802474586
0,6407515883 7,6160924235
0,6441336661 7,6030176283
0,0003923441 10,0297440552
0,0676121801 9,3281238496
0,0019005825 9,9491213564
0,0033940449 9,8894521892
0,5811916216 7,7316113675
0,0999889060 9,2380339336
0,2400340016 8,5490715604
0,0009502368 9,9978117315
0,0206624933 9,6578458696
0,6230977872 7,6195985650
0,6409102770 7,6077796980
0,0286860682 9,6370101361
0,6569607516 7,5137193064
0,1572291009 8,8503916542
0,3225223648 8,2641388753
0,0294574818 9,6190508609
0,2994696786 8,3966748956
0,0001909422 10,0689343180
0,3775611995 8,1645262288
0,3663834653 8,1721797214
0,0100331999 9,7850742419
0,3152364342 8,2793238831
0,2958809377 8,4035304417
0,0181360568 9,6649109624
0,2919356611 8,4145451135
0,0004914602 10,0095946815
0,6588521699 7,5105923247
0,2610181804 8,4531222319
0,2388176099 8,5962920691
0,3973286908 8,1117408956
0,0070826562 9,8221054774
0,4483200222 8,0034447459
0,4127845558 8,0745029357
0,2647259390 8,4501924408
0,4482967432 8,0537442625
0,1913951430 8,6694191598
0,6908734530 7,4571416427
0,2496195392 8,5080600965
0,4530135794 7,9885833495
0,3142332551 8,3841979537
0,3509512278 8,2433716432
0,6903094333 7,4924775342
0,4069687585 8,0775306562
