0,9981361623 6,8523392788
0,0000000000 10,0270063953
0,1343629860 8,8632400198
0,6073806233 7,5635924035
0,1786028480 8,6924947395
0,0901098794 9,0889379307
0,1005452778 9,0281725903
0,1497719690 8,8045024714
0,8541613455 7,1135413879
0,8781244153 7,0630196528
0,0497453281 9,3230136668
0,0619451494 9,2728691198
0,3330671576 8,2446828459
0,1094493992 8,9896444162
0,7323108236 7,3179565852
0,6273304071 7,5351773105
0,5112733677 7,7739065337
0,3416470141 8,1939993445
0,1653184697 8,7529953943
0,0674956770 9,2232708329
0,7599881964 7,3108537683
0,6365298528 7,5022831543
0,9285465063 6,9943803037
0,5907364431 7,5899293119
0,3036389248 8,2840113406
0,5367842672 7,7270544414
0,4287379697 7,9604847473
0,1936378577 8,6241262245
0,3010256247 8,3621274591
0,0379205992 9,4235910067
0,0768563315 9,1705293375
0,0442749218 9,3728867373
0,7923269673 7,2567848874
0,8169003528 7,1877659557
0,6915219009 7,3981414554
0,4748935595 7,8708841151
0,0056874019 9,7962544469
0,0012510059 9,9175208674
0,2094657399 8,5910744873
0,3138500336 8,2610735864
0,2178250591 8,5675877598
0,0081838051 9,7378200172
0,9015613894 7,0336614036
0,2935871942 8,3908302331
0,9784043735 6,8910437137
0,5515746932 7,7016283235
0,9509752920 6,9526327684
0,0181099945 9,6043676459
0,3571008858 8,1693490445
0,1224334770 8,9431521362
0,5229835581 7,7512947339
0,8710938977 7,0951719869
0,0318430651 9,4718700799
0,2455982617 8,4673918606
0,9044861102 7,0147114806
0,3647082954 8,1389949153
0,0815915154 9,1296052246
0,5815918447 7,6235016520
0,2735093055 8,4064346868
0,4615235499 7,8976594012
0,4955177436 7,8177269028
0,0116527014 9,6829708923
0,4882464598 7,8218981520
0,4119554177 7,9991130436
0,1259022844 8,9137349626
0,0240839451 9,5408406262
0,5722044987 7,6543000001
0,1888942265 8,6654865948
0,7261615224 7,3574143620
0,7676868178 7,2814605083
0,3977638389 8,0528099124
0,0003234336 9,9940167693
0,9349390196 6,9656527556
0,5612341106 7,6749750644
0,9621806186 6,9236256964
0,8374454046 7,1473062186
0,0022715631 9,8662404744
0,2314265496 8,5280302964
0,4467337319 7,9501718140
0,2610181804 8,4531222319
0,3771051077 8,0873962669
0,8370829313 7,1682956461
0,7800592248 7,2598997990
0,6562446495 7,4808187480
0,1607289747 8,7863387888
0,3948600703 8,0593409766
0,4496263757 7,9201991941
0,0150825781 9,6407558387
0,6793853587 7,4557714080
0,6576941374 7,4669995019
0,6801341968 7,4392530577
0,7059965161 7,3865260405
0,0255283730 9,5106129233
0,7121318454 7,3698064988
0,4177379873 7,9981893656
0,3765617024 8,1071176703
0,2625522537 8,4147132158
0,9740754831 6,9169958899
0,2323799338 8,5070318425
0,8091244467 7,2083543567
