0,9999991645 0,0000016711
0,6762335014 0,5427082515
0,6510158836 0,5761783193
0,6930319781 0,5197066774
0,9999998061 0,0000003877
0,9685452776 0,0619200453
0,3768511754 0,8579831916
0,8281226997 0,3142127942
0,7899526343 0,3759748356
0,9957548495 0,0084722796
0,9999999997 0,0000000006
0,9852513864 0,0292797055
0,6450832076 0,5838676553
1,0000000000 0,0000000000
0,8788760142 0,2275769517
0,2996845330 0,9101891807
0,5810843614 0,6623409650
0,2807753367 3,4505780325
0,9105652904 0,1708708520
0,6256913157 0,6085103774
1,0000000000 0,0000000000
0,5808762582 0,6625827726
0,2810491564 1,7147290364
1,0000000000 0,0000000001
0,2807753590 2,4489800158
0,9464689007 0,1041966200
0,2807766149 2,4252845071
0,2807753210 4,3037070770
0,3193392762 0,8980224267
0,9532623623 0,0912908686
0,9999993378 0,0000013245
0,9999999996 0,0000000008
0,8678252568 0,2468793236
0,9735622511 0,0521765432
0,8902470309 0,2074602240
0,6562370887 0,5693528834
0,2807753297 4,2371626120
0,3144606984 0,9011144691
0,2807774786 2,2573101152
0,9999905084 0,0000189831
0,2807753197 4,6372932817
0,9999999942 0,0000000117
0,2810315276 2,1981630369
0,9999959162 0,0000081676
1,0000000000 0,0000000000
0,2810174596 2,2222922255
0,2827050346 1,3698113243
0,9999594250 0,0000811484
