0,2807753189 4,3917672418
0,2807753367 2,6282111297
0,9760882147 1,5913247294
0,2808334737 2,2867416395
0,2807791000 2,3714561855
0,9536740445 1,7929378336
0,9423428155 1,8535610677
0,2822438358 2,2857671847
0,2807753189 3,4206401551
0,3139868961 2,2581974497
0,5233578313 2,0312931398
0,2807753189 3,2716117578
0,2982097837 2,2802418330
0,2807772914 2,5525556505
0,3203348811 2,2049757350
0,8575124352 2,0050848076
0,3262762188 2,1432279037
0,9660460320 1,7350850566
0,8646514725 1,9445318065
0,2807753333 3,0569058934
0,5558523216 2,0227308365
0,8770891312 1,8678834150
0,3983230396 2,1086856303
0,8595430318 1,9504830193
0,5205666797 2,0639116030
