0,2807753202 7,3190150068
0,2807753215 7,2917628182
0,9999991645 0,0000016711
0,6762335014 0,5427082515
0,2807755840 2,6525997514
0,2807754105 2,9442547217
0,2820928753 1,9689567263
0,6510158836 0,5761783193
0,2811419493 2,4261678329
0,6930319781 0,5197066774
0,9999998061 0,0000003877
0,9685452776 0,0619200453
0,3768511754 0,8579831916
0,3283714460 1,4018175882
0,8281226997 0,3142127942
0,7899526343 0,3759748356
0,9957548495 0,0084722796
0,2807753463 4,7389662020
0,2807753229 6,7963796594
0,9999999997 0,0000000006
0,9852513864 0,0292797055
0,6450832076 0,5838676553
1,0000000000 0,0000000000
0,2812955889 2,0871323218
0,2807835958 2,4493381022
