0,2807753188 4,5139884517
0,2807753188 4,2422597120
0,2807753188 3,1950150452
0,2807753188 4,5667484880
0,9999677761 2,1750007688
0,2807805447 2,7155747756
0,2807753203 2,8710496916
0,4979900906 2,5612414084
0,2809105223 2,6814409064
0,3002932386 2,6174946384
0,9999407856 2,1863338658
0,7093812677 2,3831119156
1,0000000000 2,1601259232
0,7057925918 2,4430447468
0,8012500376 2,2897989341
0,6435675588 2,4738822500
0,9831509842 2,2264515081
0,2844777477 2,6224468319
0,3093279328 2,5674285017
0,5811889882 2,5422999290
