0,2807753225 2,6937620805
0,2807758243 2,4237276279
0,2811730496 2,2848192630
0,2808787210 2,4032745028
0,2810196397 2,3135019062
0,2807753298 2,4766369183
0,2807757354 2,4426422186
0,9921109644 1,6214002709
0,2811408713 2,2896249382
0,2810393506 2,3032682983
0,3027134888 2,2738890000
0,9750380496 1,6306937555
0,2807753196 2,7533342638
0,3117885677 2,2355595557
0,5891408890 2,0687295929
0,2807894944 2,4046861836
0,2876516709 2,2782366575
0,2807753188 3,1929075537
0,4243641679 2,1257413107
0,6086345274 1,8246821369
0,6073732897 2,0679726125
0,9568481838 1,7514404851
0,5786236664 2,1112944153
