0,2807753202 7,3190150068
0,2807753215 7,2917628182
0,2815759516 2,1032605725
0,9999991645 0,0000016711
0,2807753704 5,4491243310
0,6762335014 0,5427082515
0,2807755840 2,6525997514
0,2813042305 2,4023044297
0,2807754105 2,9442547217
0,2810167645 2,4597281017
0,2809674665 2,6506823195
0,2820928753 1,9689567263
0,6510158836 0,5761783193
0,2811419493 2,4261678329
0,6930319781 0,5197066774
0,9999998061 0,0000003877
0,9685452776 0,0619200453
0,3768511754 0,8579831916
0,3283714460 1,4018175882
0,8281226997 0,3142127942
0,7899526343 0,3759748356
